F22017-50-0,F22017-50-1,F22017-50-2,F22017-50-3,F22017-50-4,F22017-50-5,F22017-50-6,F22017-50-7,F22017-50-8,F22017-50-9,F22017-50-10,F22017-50-11,F22017-50-12,F22017-50-13,F22017-50-14,F22017-50-15,F22017-50-16,F22017-50-17,F22017-50-18,F22017-50-19,F22017-50-20,F22017-50-21,F22017-50-22,F22017-50-23,F22017-50-24,F22017-50-25,F22017-50-26,F22017-50-27,F22017-50-28,F22017-50-29,F22017-50-30,F22017-50-31,F22017-50-32,F22017-50-33,F22017-50-34,F22017-50-35,F22017-50-36,F22017-50-37,F22017-50-38,F22017-50-39,F22017-50-40,F22017-50-41,F22017-50-42,F22017-50-43,F22017-50-44,F22017-50-45,F22017-50-46,F22017-50-47,F22017-50-48,F22017-50-49,F22017-50-50
428260.31034243776,457095.63136855693,296274.7393712686,306663.91629127244,358356.8574746059,356835.78976918146,374110.9187495154,323893.36246085644,462796.17904992984,360270.0571513125,358189.207539846,508830.75735824043,420284.6597427736,384453.03619174263,297647.9152246055,352120.20250624145,400804.7001591607,274010.25955377746,403703.63269715087,457584.8779648326,675519.5536143202,338846.26595928776,397975.96423904813,362768.0005229304,444091.50087106676,456328.870270698,341843.7063235819,282415.7721900145,356032.02904054377,570776.2215281391,414136.4340092135,355572.9229060986,350294.97447919374,413075.7328318654,384997.4204828583,359870.0961129922,350084.65850345534,662847.9637403653,434736.2245949657,390343.14840235084,441342.7075897276,310323.3213626825,396587.0941880324,446450.19974134234,502340.4852533523,287211.5106564049,381182.3318454085,380460.2698635911,350295.5515693525,366168.06223807577,432244.1091490282
428260.31034243776,383558.55576744897,296274.7393712686,306663.91629127244,358356.8574746059,356835.78976918146,353083.0183977967,323893.36246085644,314808.0050029851,344588.6953981671,343371.5639507829,329382.96924669144,420284.6597427736,375053.25382546824,297647.9152246055,323470.536618163,384678.8509077994,274010.25955377746,382746.11505645455,457584.8779648326,329964.82522816333,276696.7186419627,361981.2181628998,313611.409097056,384090.1629084924,444098.89578577434,261648.46271217015,282415.7721900145,301675.7406721195,356085.9039725042,340951.4777379468,355572.9229060986,350294.97447919374,413075.7328318654,384997.4204828583,359870.0961129922,350084.65850345534,392562.8669459089,330971.23426556383,311201.3105707625,330952.5354917174,310323.3213626825,389049.36376544484,437369.1702296862,502340.4852533523,287211.5106564049,381182.3318454085,223717.37114132458,279325.56810109015,301611.14758074854,432244.1091490282
330064.1439649304,300562.9812020114,211140.7971262827,306663.91629127244,358356.8574746059,356835.78976918146,246005.13053035134,323893.36246085644,307128.1843258736,344588.6953981671,343371.5639507829,320375.8327179492,337791.30757125164,308748.0947218775,297647.9152246055,323470.536618163,290920.948476159,239693.18616286493,381533.93747441156,406593.869752252,321986.0580525046,276696.7186419627,361981.2181628998,313611.409097056,273738.52084384114,444098.89578577434,261648.46271217015,259461.58073263173,301675.7406721195,356085.9039725042,334856.39734603744,260111.96550254326,350294.97447919374,258384.78013874634,384997.4204828583,322889.1128234096,350084.65850345534,308884.51964363625,330971.23426556383,311201.3105707625,318675.7702556611,310323.3213626825,347144.9202460554,242135.4660880977,343104.44249570504,287211.5106564049,275777.0826788231,223717.37114132458,279325.56810109015,301611.14758074854,388485.4676652068
330064.1439649304,300562.9812020114,211140.7971262827,282018.5371528453,358356.8574746059,312068.54922988155,219202.03494538704,315241.9225771482,307128.1843258736,335953.6982470684,238639.6096173438,320375.8327179492,337791.30757125164,308748.0947218775,297647.9152246055,323470.536618163,290920.948476159,239693.18616286493,381533.93747441156,375744.9990518849,321986.0580525046,276696.7186419627,340164.92585222144,313611.409097056,273738.52084384114,420244.98172766756,261648.46271217015,259461.58073263173,280197.6705765279,356085.9039725042,277472.5174174882,260111.96550254326,275883.39080715296,258384.78013874634,376322.4777010348,319477.0201612857,309349.4368676983,308884.51964363625,330971.23426556383,311201.3105707625,269713.5949535959,310323.3213626825,314730.45528471825,242135.4660880977,328367.23295570863,287211.5106564049,275777.0826788231,223717.37114132458,236126.2226149353,301611.14758074854,266913.9846973118
309596.727004811,300562.9812020114,211140.7971262827,282018.5371528453,344586.73733796424,312068.54922988155,219202.03494538704,250588.22357876,307128.1843258736,328423.2286466702,238639.6096173438,320375.8327179492,258478.5029164569,306052.6786216271,297647.9152246055,323470.536618163,266217.07866755954,239693.18616286493,381533.93747441156,225573.45716708247,299541.8074745959,276696.7186419627,262599.3061487046,313611.409097056,273738.52084384114,412594.7321685852,261292.89745033026,259461.58073263173,280197.6705765279,356085.9039725042,277472.5174174882,260111.96550254326,275883.39080715296,258384.78013874634,297876.0373384079,319477.0201612857,309349.4368676983,252522.62735310086,327602.35932614555,288575.52982746647,269713.5949535959,310323.3213626825,314730.45528471825,242135.4660880977,328367.23295570863,287211.5106564049,275777.0826788231,223717.37114132458,236126.2226149353,301611.14758074854,266913.9846973118
236676.1219134934,300562.9812020114,211140.7971262827,256231.808887726,312840.34066100075,268883.5627878633,219202.03494538704,250588.22357876,292590.7014761415,241463.71798510908,238639.6096173438,311929.30937004526,258478.5029164569,200206.4285039627,297647.9152246055,323470.536618163,258793.37064647875,239693.18616286493,381533.93747441156,220990.7897254247,299541.8074745959,267372.4847209906,231032.64507863263,308520.94253881933,234998.05907928234,400730.48175884056,261292.89745033026,259461.58073263173,280197.6705765279,257568.9333158196,259631.87455464437,260111.96550254326,275883.39080715296,258384.78013874634,297876.0373384079,319477.0201612857,309349.4368676983,252522.62735310086,327602.35932614555,288575.52982746647,269713.5949535959,301408.17379330413,305210.40412582154,242135.4660880977,267462.5166377202,287211.5106564049,275777.0826788231,223717.37114132458,236126.2226149353,231439.66284185625,266913.9846973118
236676.1219134934,300562.9812020114,211140.7971262827,256231.808887726,285870.6055678322,268883.5627878633,219202.03494538704,250588.22357876,225278.82073515828,198682.80006558244,238639.6096173438,311929.30937004526,255471.9212718791,200206.4285039627,229129.82249315796,318973.2599883331,258793.37064647875,239693.18616286493,350831.80040494655,220990.7897254247,299541.8074745959,267372.4847209906,231032.64507863263,308520.94253881933,234998.05907928234,324377.2188302718,233404.9400073522,259461.58073263173,280197.6705765279,257568.9333158196,259631.87455464437,260111.96550254326,275883.39080715296,258384.78013874634,296090.68769444176,319477.0201612857,309349.4368676983,252522.62735310086,327602.35932614555,288575.52982746647,269713.5949535959,292316.28973874927,281597.06196723715,242135.4660880977,267462.5166377202,287211.5106564049,275777.0826788231,181048.6972289928,236126.2226149353,231439.66284185625,266913.9846973118
236676.1219134934,300562.9812020114,211140.7971262827,244634.1748722469,285870.6055678322,268883.5627878633,213619.90012237997,250588.22357876,225271.68995616894,197698.42522059966,213653.0631987184,311929.30937004526,255471.9212718791,200206.4285039627,223037.19565844673,318973.2599883331,258793.37064647875,239693.18616286493,311777.83503437013,220990.7897254247,268822.48315226205,255258.9273385143,231032.64507863263,255111.28007709005,234998.05907928234,324377.2188302718,229457.98436334758,255958.52389307073,280197.6705765279,257568.9333158196,259631.87455464437,260111.96550254326,275883.39080715296,258384.78013874634,278102.2722043893,272921.93579222827,309349.4368676983,245108.2035107543,207647.75830622317,228339.6601897278,261569.86071897767,271872.0640689563,281597.06196723715,190238.42095991955,263300.18802026106,275234.0314643118,275777.0826788231,181048.6972289928,236126.2226149353,231439.66284185625,266913.9846973118
236676.1219134934,269371.0668451063,211140.7971262827,244634.1748722469,285870.6055678322,268883.5627878633,213619.90012237997,219582.32822026528,225271.68995616894,197698.42522059966,213653.0631987184,311929.30937004526,255471.9212718791,200206.4285039627,223037.19565844673,218004.80445207807,258793.37064647875,239693.18616286493,311777.83503437013,209416.71279528787,268822.48315226205,255258.9273385143,231032.64507863263,255111.28007709005,200892.3753718044,324377.2188302718,229457.98436334758,255958.52389307073,246046.85710384644,228751.65852076298,232241.28939817223,260111.96550254326,275883.39080715296,258384.78013874634,277220.7956402437,272921.93579222827,309349.4368676983,245108.2035107543,207647.75830622317,228339.6601897278,261569.86071897767,271872.0640689563,281597.06196723715,190238.42095991955,263300.18802026106,275234.0314643118,273790.26791025925,181048.6972289928,226400.85245136748,231439.66284185625,234052.81814057205
236676.1219134934,269371.0668451063,211140.7971262827,244634.1748722469,245665.81380580142,268883.5627878633,187758.79397327625,219582.32822026528,225271.68995616894,197698.42522059966,210905.41191037864,259940.06874498932,255471.9212718791,200206.4285039627,223037.19565844673,218004.80445207807,258022.2059112474,239693.18616286493,287879.8079750735,209416.71279528787,255819.5630497078,222779.6478794985,187229.06723435872,217768.00962965097,200892.3753718044,324377.2188302718,229457.98436334758,255958.52389307073,246046.85710384644,228751.65852076298,232241.28939817223,260111.96550254326,275883.39080715296,258384.78013874634,247573.781510922,272921.93579222827,309349.4368676983,222850.82030176392,207647.75830622317,228339.6601897278,261569.86071897767,258150.74585969778,281597.06196723715,190238.42095991955,263300.18802026106,275234.0314643118,272211.51439572993,181048.6972289928,226400.85245136748,227471.00303680572,234052.81814057205
236676.1219134934,244184.6528915094,211140.7971262827,244634.1748722469,245665.81380580142,268883.5627878633,181688.2837704102,214413.1004789893,225271.68995616894,197698.42522059966,210905.41191037864,259940.06874498932,255471.9212718791,200206.4285039627,223037.19565844673,218004.80445207807,258022.2059112474,239693.18616286493,287879.8079750735,209416.71279528787,234897.7769632167,222779.6478794985,187229.06723435872,217768.00962965097,200892.3753718044,324377.2188302718,213683.36795066128,255958.52389307073,246046.85710384644,228751.65852076298,232241.28939817223,233211.47467007508,275883.39080715296,258384.78013874634,247573.781510922,272921.93579222827,309349.4368676983,222850.82030176392,207647.75830622317,228339.6601897278,261569.86071897767,258150.74585969778,272002.292327648,190238.42095991955,263300.18802026106,265018.0029057471,249321.8576680585,181048.6972289928,226400.85245136748,227471.00303680572,234052.81814057205
236676.1219134934,244184.6528915094,211140.7971262827,244634.1748722469,223321.44097947067,268883.5627878633,180660.2013641373,214413.1004789893,225271.68995616894,177376.17041834551,210905.41191037864,259940.06874498932,255471.9212718791,200206.4285039627,223037.19565844673,218004.80445207807,256584.42662844947,208772.4507086859,287879.8079750735,209416.71279528787,234897.7769632167,222779.6478794985,187229.06723435872,217768.00962965097,200892.3753718044,249668.11557664254,209050.28005453685,255958.52389307073,246046.85710384644,218576.5142028216,232241.28939817223,233211.47467007508,275883.39080715296,258384.78013874634,247573.781510922,272921.93579222827,276706.02316469885,222850.82030176392,207647.75830622317,228339.6601897278,239271.62427885568,258150.74585969778,272002.292327648,190238.42095991955,263300.18802026106,265018.0029057471,249321.8576680585,181048.6972289928,226400.85245136748,227471.00303680572,234052.81814057205
236676.1219134934,244184.6528915094,211140.7971262827,244634.1748722469,223321.44097947067,206412.65476565508,180660.2013641373,214413.1004789893,225271.68995616894,177376.17041834551,210905.41191037864,259940.06874498932,255471.9212718791,193364.2354257215,221277.56503383932,218004.80445207807,222744.52653622066,208772.4507086859,287879.8079750735,209416.71279528787,234897.7769632167,222779.6478794985,187229.06723435872,217768.00962965097,200892.3753718044,247726.22516592243,209050.28005453685,255958.52389307073,246046.85710384644,218576.5142028216,232241.28939817223,233211.47467007508,275883.39080715296,258384.78013874634,247573.781510922,272921.93579222827,276706.02316469885,222850.82030176392,205250.790333435,228339.6601897278,237408.03350584774,258150.74585969778,233910.12980617303,190238.42095991955,256529.53528435613,259871.00355174413,249321.8576680585,181048.6972289928,226400.85245136748,227471.00303680572,234052.81814057205
236676.1219134934,244184.6528915094,211140.7971262827,244634.1748722469,223321.44097947067,206412.65476565508,180660.2013641373,214413.1004789893,217052.4557978795,177376.17041834551,210905.41191037864,259940.06874498932,255471.9212718791,193364.2354257215,219630.44966000333,218004.80445207807,219599.97603659195,208772.4507086859,236390.19209785253,209416.71279528787,234897.7769632167,222779.6478794985,187229.06723435872,217768.00962965097,200892.3753718044,247726.22516592243,173965.6858252844,255958.52389307073,246046.85710384644,198391.12871296628,232241.28939817223,233211.47467007508,275883.39080715296,255819.30358551344,247573.781510922,272921.93579222827,276706.02316469885,222850.82030176392,205250.790333435,228339.6601897278,237408.03350584774,258150.74585969778,230042.03245714135,190238.42095991955,256529.53528435613,240889.6477306393,249321.8576680585,181048.6972289928,226400.85245136748,224182.91255475776,234052.81814057205
236676.1219134934,244184.6528915094,211140.7971262827,244634.1748722469,207192.56516211643,206412.65476565508,180660.2013641373,214413.1004789893,217052.4557978795,177376.17041834551,201513.14146619264,205270.69820497665,255471.9212718791,193364.2354257215,219630.44966000333,218004.80445207807,219599.97603659195,208772.4507086859,236390.19209785253,209416.71279528787,234897.7769632167,222779.6478794985,187229.06723435872,217768.00962965097,200892.3753718044,247726.22516592243,173965.6858252844,255958.52389307073,229609.7466225955,198391.12871296628,232241.28939817223,233211.47467007508,275883.39080715296,255819.30358551344,247573.781510922,272921.93579222827,276706.02316469885,222850.82030176392,193057.65971742492,228339.6601897278,237408.03350584774,258150.74585969778,230042.03245714135,190238.42095991955,256529.53528435613,225678.6023590591,249321.8576680585,181048.6972289928,226400.85245136748,224182.91255475776,234052.81814057205
236676.1219134934,231967.08312991817,211140.7971262827,244634.1748722469,207192.56516211643,206412.65476565508,180660.2013641373,214413.1004789893,217052.4557978795,177376.17041834551,201513.14146619264,190079.52321245993,202608.5460678061,193364.2354257215,203635.19751518272,218004.80445207807,219599.97603659195,208772.4507086859,236390.19209785253,209416.71279528787,234897.7769632167,192296.75345715167,187229.06723435872,197534.3184322107,200892.3753718044,247726.22516592243,173965.6858252844,255958.52389307073,229609.7466225955,198391.12871296628,232241.28939817223,233211.47467007508,275883.39080715296,255819.30358551344,247114.36973281033,250617.83610931964,276706.02316469885,222850.82030176392,193057.65971742492,228339.6601897278,237408.03350584774,258150.74585969778,230042.03245714135,190238.42095991955,240943.76077733544,203017.5303474274,217711.44598839668,181048.6972289928,226400.85245136748,224182.91255475776,234052.81814057205
236676.1219134934,231967.08312991817,211140.7971262827,244634.1748722469,207192.56516211643,206412.65476565508,180660.2013641373,214413.1004789893,217052.4557978795,177376.17041834551,201513.14146619264,190079.52321245993,202608.5460678061,193364.2354257215,203635.19751518272,218004.80445207807,219599.97603659195,208772.4507086859,236390.19209785253,209416.71279528787,234897.7769632167,190759.36341234963,187229.06723435872,197534.3184322107,195751.3904963598,247726.22516592243,173965.6858252844,254584.3083492478,229609.7466225955,192957.4096141589,232241.28939817223,221924.90747073857,255636.1464459383,234575.09881120548,240107.61555182276,250617.83610931964,218710.92017858013,222850.82030176392,193057.65971742492,228339.6601897278,236164.4466953787,258150.74585969778,230042.03245714135,190238.42095991955,240943.76077733544,203017.5303474274,217711.44598839668,181048.6972289928,226400.85245136748,224182.91255475776,234052.81814057205
236676.1219134934,231967.08312991817,211140.7971262827,244634.1748722469,207192.56516211643,206412.65476565508,180660.2013641373,214413.1004789893,200520.93755732014,177376.17041834551,201513.14146619264,190079.52321245993,202608.5460678061,193364.2354257215,203635.19751518272,217884.67919441278,219599.97603659195,208772.4507086859,236390.19209785253,209416.71279528787,234897.7769632167,190759.36341234963,187229.06723435872,197534.3184322107,195751.3904963598,247726.22516592243,173965.6858252844,254584.3083492478,229609.7466225955,190173.27032638146,232241.28939817223,221924.90747073857,255636.1464459383,234575.09881120548,210203.48056593252,250617.83610931964,218710.92017858013,222850.82030176392,193057.65971742492,228339.6601897278,219996.10372970244,258150.74585969778,215316.82671766845,190238.42095991955,240943.76077733544,198987.7705515696,195972.23229644034,181048.6972289928,179552.141699463,224182.91255475776,234052.81814057205
236676.1219134934,231967.08312991817,211140.7971262827,235438.82772547923,207192.56516211643,193558.56970233598,180660.2013641373,197706.43989823898,200520.93755732014,177376.17041834551,201513.14146619264,190079.52321245993,202608.5460678061,193364.2354257215,203635.19751518272,217884.67919441278,219599.97603659195,208772.4507086859,236390.19209785253,209416.71279528787,198457.00833555195,190759.36341234963,187229.06723435872,162005.9802369449,183044.90431697978,247726.22516592243,173965.6858252844,254584.3083492478,229609.7466225955,190173.27032638146,232241.28939817223,221924.90747073857,255636.1464459383,227486.304618588,210203.48056593252,250617.83610931964,218710.92017858013,222850.82030176392,192369.06777091327,228339.6601897278,203143.4492764991,258150.74585969778,215316.82671766845,190238.42095991955,225271.21456091103,198987.7705515696,195972.23229644034,181048.6972289928,179552.141699463,217231.4897069037,234052.81814057205
222697.63550781703,231967.08312991817,187270.481542869,235438.82772547923,207192.56516211643,183375.46014607642,180660.2013641373,197706.43989823898,200520.93755732014,177376.17041834551,198890.04485226335,190079.52321245993,202608.5460678061,193364.2354257215,189170.37926967416,208442.0945242521,219599.97603659195,208772.4507086859,192653.40093021444,209416.71279528787,198457.00833555195,190759.36341234963,187229.06723435872,162005.9802369449,183044.90431697978,232837.4311998919,173965.6858252844,234220.33829117983,226569.3673557526,190173.27032638146,232241.28939817223,214901.1903666479,255636.1464459383,201616.7607360033,210203.48056593252,206243.693123294,218710.92017858013,222850.82030176392,192369.06777091327,228339.6601897278,180018.5130719175,246996.6168902019,215316.82671766845,190238.42095991955,225271.21456091103,198987.7705515696,195972.23229644034,181048.6972289928,179552.141699463,153840.62159967385,234052.81814057205
222697.63550781703,231967.08312991817,187270.481542869,235438.82772547923,170736.90734131396,164328.53424895313,180660.2013641373,197706.43989823898,200520.93755732014,177376.17041834551,170829.92925115558,190079.52321245993,202608.5460678061,193364.2354257215,189170.37926967416,197794.95007655915,219599.97603659195,208772.4507086859,192653.40093021444,209416.71279528787,198457.00833555195,190759.36341234963,168802.77536609856,162005.9802369449,183044.90431697978,232837.4311998919,173965.6858252844,234220.33829117983,226569.3673557526,190173.27032638146,232241.28939817223,170331.28105819374,255636.1464459383,201616.7607360033,210203.48056593252,206243.693123294,218710.92017858013,222162.93371641744,192369.06777091327,219611.90123502194,177605.4360330395,246996.6168902019,215316.82671766845,186495.86768848915,225271.21456091103,198987.7705515696,195972.23229644034,181048.6972289928,179552.141699463,153840.62159967385,234052.81814057205
210895.52641161127,231967.08312991817,187270.481542869,235438.82772547923,170736.90734131396,164328.53424895313,171335.56510881596,197706.43989823898,200520.93755732014,177376.17041834551,170829.92925115558,174886.76157952694,202608.5460678061,164487.39779428218,189170.37926967416,192703.1546206307,219599.97603659195,208772.4507086859,192653.40093021444,209416.71279528787,198457.00833555195,190759.36341234963,168802.77536609856,162005.9802369449,183044.90431697978,221837.34919201813,173965.6858252844,234220.33829117983,222638.63409847635,190173.27032638146,232241.28939817223,170331.28105819374,242599.8520328284,201616.7607360033,210203.48056593252,206243.693123294,218710.92017858013,222162.93371641744,192369.06777091327,208895.48459386567,177605.4360330395,246996.6168902019,215316.82671766845,186495.86768848915,225271.21456091103,198987.7705515696,195972.23229644034,181048.6972289928,159680.599220061,153840.62159967385,234052.81814057205
210895.52641161127,231967.08312991817,187270.481542869,172802.4518512457,170736.90734131396,164328.53424895313,171335.56510881596,197706.43989823898,187386.07323389233,177376.17041834551,170829.92925115558,174886.76157952694,202608.5460678061,164487.39779428218,189170.37926967416,187515.2790777526,202780.8015786891,202817.41316450638,192653.40093021444,209416.71279528787,198457.00833555195,190759.36341234963,168802.77536609856,162005.9802369449,183044.90431697978,221837.34919201813,151720.50771641897,234220.33829117983,222638.63409847635,190173.27032638146,200366.68365135626,170331.28105819374,242599.8520328284,201616.7607360033,210203.48056593252,200243.09652042433,218710.92017858013,222162.93371641744,192369.06777091327,208895.48459386567,159807.82490394046,246831.86788692366,212251.6163326814,184616.05531835218,225271.21456091103,198987.7705515696,195972.23229644034,181048.6972289928,159680.599220061,153840.62159967385,234052.81814057205
210895.52641161127,231967.08312991817,187270.481542869,172802.4518512457,170736.90734131396,164328.53424895313,171335.56510881596,197706.43989823898,187386.07323389233,177376.17041834551,170829.92925115558,174886.76157952694,202608.5460678061,164487.39779428218,189170.37926967416,187515.2790777526,202780.8015786891,202817.41316450638,192653.40093021444,209416.71279528787,173135.1946256877,190759.36341234963,168802.77536609856,162005.9802369449,183044.90431697978,221837.34919201813,151720.50771641897,214277.61443405235,222638.63409847635,190173.27032638146,200366.68365135626,170331.28105819374,242599.8520328284,201616.7607360033,188448.2974605731,200243.09652042433,218710.92017858013,222162.93371641744,192369.06777091327,192490.69742510407,159807.82490394046,246831.86788692366,212251.6163326814,182177.2887343675,225271.21456091103,198987.7705515696,195972.23229644034,181048.6972289928,159680.599220061,152644.35411262597,234052.81814057205
210059.9517335979,231967.08312991817,162303.9493241175,172802.4518512457,170736.90734131396,164328.53424895313,167142.92706076428,197706.43989823898,135964.18035124757,177376.17041834551,170829.92925115558,174886.76157952694,202608.5460678061,164487.39779428218,189170.37926967416,187515.2790777526,202780.8015786891,202817.41316450638,192653.40093021444,197996.47871250205,173135.1946256877,157395.8413426839,168802.77536609856,162005.9802369449,183044.90431697978,221837.34919201813,151720.50771641897,214277.61443405235,222638.63409847635,190173.27032638146,200366.68365135626,170331.28105819374,232122.8521767695,201616.7607360033,188448.2974605731,200243.09652042433,218710.92017858013,222162.93371641744,192369.06777091327,192490.69742510407,159807.82490394046,246831.86788692366,212251.6163326814,182177.2887343675,225271.21456091103,198987.7705515696,169917.89205978648,158664.1566214474,159680.599220061,152644.35411262597,234052.81814057205
210059.9517335979,223627.99188795825,162303.9493241175,172802.4518512457,170736.90734131396,164328.53424895313,166236.40595441486,197706.43989823898,135964.18035124757,177376.17041834551,170829.92925115558,174886.76157952694,202608.5460678061,164487.39779428218,189170.37926967416,173084.75530634273,202780.8015786891,202817.41316450638,192653.40093021444,197996.47871250205,173135.1946256877,157395.8413426839,168802.77536609856,162005.9802369449,183044.90431697978,221837.34919201813,151720.50771641897,214277.61443405235,204697.40105885707,190173.27032638146,200366.68365135626,170331.28105819374,232122.8521767695,199261.549677979,188448.2974605731,178387.93813870114,218710.92017858013,221432.33751068893,192369.06777091327,192490.69742510407,159807.82490394046,246831.86788692366,212251.6163326814,182177.2887343675,225271.21456091103,198987.7705515696,169917.89205978648,158664.1566214474,159680.599220061,152644.35411262597,211059.60365445775
190037.87539941346,194283.92127121714,162303.9493241175,172802.4518512457,170736.90734131396,164328.53424895313,156435.98531950032,194277.67725868733,135964.18035124757,177376.17041834551,170829.92925115558,151396.43045073826,202608.5460678061,164487.39779428218,189170.37926967416,173084.75530634273,202780.8015786891,202817.41316450638,192653.40093021444,196090.47855140216,173135.1946256877,157395.8413426839,168802.77536609856,144788.50723160396,183044.90431697978,221837.34919201813,151720.50771641897,214277.61443405235,187099.80132118438,189141.03755063305,200366.68365135626,170331.28105819374,232122.8521767695,199261.549677979,188448.2974605731,178387.93813870114,218710.92017858013,201860.67079556387,192369.06777091327,192490.69742510407,159807.82490394046,246831.86788692366,177550.04469932956,175685.06583260183,212463.423448942,198987.7705515696,169917.89205978648,158664.1566214474,159680.599220061,152644.35411262597,211059.60365445775
190037.87539941346,194283.92127121714,162303.9493241175,172802.4518512457,170736.90734131396,164328.53424895313,148794.586558859,194277.67725868733,135964.18035124757,171234.63119494313,170829.92925115558,151396.43045073826,202608.5460678061,164487.39779428218,173883.2000043075,173084.75530634273,202780.8015786891,202817.41316450638,192653.40093021444,163493.3445481537,173135.1946256877,157395.8413426839,168802.77536609856,144788.50723160396,183044.90431697978,206521.5128211477,151720.50771641897,214277.61443405235,187099.80132118438,189141.03755063305,200366.68365135626,170331.28105819374,217903.443705961,199261.549677979,188448.2974605731,178387.93813870114,218710.92017858013,201860.67079556387,192369.06777091327,191031.7714972884,159807.82490394046,246831.86788692366,177550.04469932956,175685.06583260183,211880.81371395412,198987.7705515696,169917.89205978648,158664.1566214474,159680.599220061,152644.35411262597,211059.60365445775
190037.87539941346,187124.08679970636,162303.9493241175,172802.4518512457,170736.90734131396,164328.53424895313,148794.586558859,194277.67725868733,135964.18035124757,171234.63119494313,170829.92925115558,151396.43045073826,185998.62725717088,148870.7931538524,173883.2000043075,173084.75530634273,202780.8015786891,201017.99526355334,192653.40093021444,163493.3445481537,173135.1946256877,157395.8413426839,168802.77536609856,144788.50723160396,183044.90431697978,206521.5128211477,151720.50771641897,214277.61443405235,187099.80132118438,189141.03755063305,200366.68365135626,170331.28105819374,210148.4794072341,192098.34907792363,188448.2974605731,178387.93813870114,180069.18880917726,201860.67079556387,192369.06777091327,191031.7714972884,159807.82490394046,212353.87188758235,177550.04469932956,151920.2294529168,211880.81371395412,198987.7705515696,169917.89205978648,113686.81173134214,159680.599220061,146640.5292269692,198056.25926343707
190037.87539941346,187124.08679970636,142462.83124357648,172802.4518512457,170736.90734131396,154488.81350536383,148794.586558859,194277.67725868733,134104.1563946722,171234.63119494313,170829.92925115558,151396.43045073826,185998.62725717088,148870.7931538524,173883.2000043075,173084.75530634273,202780.8015786891,201017.99526355334,192653.40093021444,163493.3445481537,173135.1946256877,157395.8413426839,168802.77536609856,144788.50723160396,183044.90431697978,200008.08715671653,151720.50771641897,204688.29064677784,187099.80132118438,189141.03755063305,199083.9942949688,170331.28105819374,205213.7080644684,192098.34907792363,188448.2974605731,178387.93813870114,171488.038850675,201860.67079556387,192369.06777091327,191031.7714972884,159807.82490394046,190328.25774767975,177550.04469932956,151920.2294529168,205565.31195467722,198987.7705515696,169917.89205978648,113686.81173134214,159680.599220061,146640.5292269692,196645.86179660363
190037.87539941346,187124.08679970636,142462.83124357648,172802.4518512457,170736.90734131396,154488.81350536383,148794.586558859,194277.67725868733,134104.1563946722,171234.63119494313,170829.92925115558,151396.43045073826,176805.49475895835,148870.7931538524,173883.2000043075,173084.75530634273,202780.8015786891,201017.99526355334,192653.40093021444,163493.3445481537,167929.41773001378,157395.8413426839,168802.77536609856,144788.50723160396,183044.90431697978,200008.08715671653,151720.50771641897,204688.29064677784,187099.80132118438,157471.24175503894,199083.9942949688,170331.28105819374,205213.7080644684,192098.34907792363,188448.2974605731,178387.93813870114,171488.038850675,184120.51150397427,192369.06777091327,191031.7714972884,159807.82490394046,190328.25774767975,177550.04469932956,151920.2294529168,203150.30376587083,198987.7705515696,169917.89205978648,113686.81173134214,159680.599220061,146640.5292269692,196645.86179660363
190037.87539941346,187124.08679970636,142462.83124357648,172802.4518512457,170736.90734131396,154488.81350536383,148794.586558859,167466.79677549907,134104.1563946722,171234.63119494313,170829.92925115558,151396.43045073826,176805.49475895835,148870.7931538524,170211.9335753224,173084.75530634273,202780.8015786891,200439.2445933214,192653.40093021444,163493.3445481537,167929.41773001378,148319.97366915183,168802.77536609856,144788.50723160396,183044.90431697978,200008.08715671653,151720.50771641897,192768.29788445873,187099.80132118438,157471.24175503894,199083.9942949688,170331.28105819374,174749.9882034919,192098.34907792363,180672.47322753214,178387.93813870114,171488.038850675,184120.51150397427,192369.06777091327,165082.2408962766,159807.82490394046,174077.23476254157,155138.64374187402,137522.40605385485,203150.30376587083,198987.7705515696,169917.89205978648,113686.81173134214,159680.599220061,146640.5292269692,192726.47036026508
190037.87539941346,187124.08679970636,142462.83124357648,172802.4518512457,170736.90734131396,154488.81350536383,148794.586558859,167466.79677549907,134104.1563946722,171234.63119494313,143968.41115394753,151396.43045073826,176805.49475895835,148870.7931538524,170211.9335753224,173084.75530634273,202780.8015786891,163077.70839247253,191962.9465736638,163493.3445481537,167929.41773001378,148319.97366915183,168802.77536609856,144788.50723160396,183044.90431697978,200008.08715671653,151720.50771641897,183799.75672869978,187099.80132118438,157471.24175503894,198740.04631878782,170331.28105819374,174749.9882034919,192098.34907792363,169526.75938720762,178387.93813870114,170260.9621606751,184120.51150397427,163665.75194548242,165082.2408962766,159807.82490394046,174077.23476254157,155138.64374187402,137522.40605385485,203150.30376587083,198987.7705515696,169917.89205978648,113686.81173134214,159680.599220061,146640.5292269692,192726.47036026508
190037.87539941346,187124.08679970636,142462.83124357648,168821.6257767247,170736.90734131396,154488.81350536383,124700.96456086572,167466.79677549907,134104.1563946722,171234.63119494313,138207.86508235117,151396.43045073826,176805.49475895835,148870.7931538524,170211.9335753224,173084.75530634273,202780.8015786891,155481.9809008183,191962.9465736638,163493.3445481537,153235.2546207087,148319.97366915183,168802.77536609856,133403.63183299478,183044.90431697978,200008.08715671653,151720.50771641897,179127.1658335692,187099.80132118438,157471.24175503894,198740.04631878782,170331.28105819374,174749.9882034919,186644.1543893827,169526.75938720762,178387.93813870114,170260.9621606751,184120.51150397427,163665.75194548242,165082.2408962766,159807.82490394046,174077.23476254157,155138.64374187402,137522.40605385485,199182.75505596708,198987.7705515696,169917.89205978648,113686.81173134214,159680.599220061,146640.5292269692,192726.47036026508
190037.87539941346,187124.08679970636,142462.83124357648,168821.6257767247,170736.90734131396,154488.81350536383,124700.96456086572,167466.79677549907,134104.1563946722,171234.63119494313,138207.86508235117,151396.43045073826,176597.02544750457,148870.7931538524,170211.9335753224,173084.75530634273,202780.8015786891,155481.9809008183,191962.9465736638,163493.3445481537,153235.2546207087,148319.97366915183,168802.77536609856,133403.63183299478,183044.90431697978,200008.08715671653,140449.43038447626,179127.1658335692,187099.80132118438,157471.24175503894,198740.04631878782,170331.28105819374,174749.9882034919,186644.1543893827,169526.75938720762,178387.93813870114,148911.49629196557,184120.51150397427,150700.54158775098,165082.2408962766,159807.82490394046,174077.23476254157,155138.64374187402,137522.40605385485,199182.75505596708,198987.7705515696,169917.89205978648,113686.81173134214,159680.599220061,146640.5292269692,192726.47036026508
190037.87539941346,187124.08679970636,142462.83124357648,168821.6257767247,170736.90734131396,154488.81350536383,124700.96456086572,167466.79677549907,134104.1563946722,171234.63119494313,138207.86508235117,151396.43045073826,176597.02544750457,148870.7931538524,170211.9335753224,173084.75530634273,202780.8015786891,155481.9809008183,187340.36497541805,163493.3445481537,153235.2546207087,148319.97366915183,168802.77536609856,133403.63183299478,183044.90431697978,199719.0167224862,140449.43038447626,144478.32991574667,169613.23782471978,154228.7936177659,198740.04631878782,170331.28105819374,146488.83903665058,139108.3762842812,169526.75938720762,178387.93813870114,148911.49629196557,176082.35234047784,150700.54158775098,165082.2408962766,159807.82490394046,154815.060547707,155138.64374187402,137522.40605385485,199182.75505596708,198987.7705515696,151270.49160034588,113686.81173134214,159680.599220061,146640.5292269692,192726.47036026508
190037.87539941346,187124.08679970636,142462.83124357648,161635.96014202927,137674.44028364046,154488.81350536383,124700.96456086572,167466.79677549907,108187.85162983353,171234.63119494313,134299.1026667815,151396.43045073826,176597.02544750457,148870.7931538524,170211.9335753224,173084.75530634273,202780.8015786891,155481.9809008183,187340.36497541805,163493.3445481537,153235.2546207087,148319.97366915183,168802.77536609856,133403.63183299478,183044.90431697978,185656.243004713,140449.43038447626,144478.32991574667,169613.23782471978,154228.7936177659,198740.04631878782,170331.28105819374,146488.83903665058,139108.3762842812,169526.75938720762,178387.93813870114,142895.91531065627,176082.35234047784,150700.54158775098,165082.2408962766,159807.82490394046,154815.060547707,155138.64374187402,130096.96577962762,188198.21699779306,198987.7705515696,151270.49160034588,113686.81173134214,159680.599220061,145976.32931066508,177258.87031859264
190037.87539941346,187124.08679970636,142462.83124357648,161635.96014202927,137674.44028364046,154488.81350536383,124700.96456086572,167466.79677549907,108187.85162983353,160693.7404603124,134299.1026667815,151396.43045073826,176597.02544750457,148870.7931538524,170143.37751333794,173084.75530634273,202780.8015786891,155481.9809008183,187340.36497541805,163493.3445481537,153235.2546207087,148319.97366915183,168802.77536609856,133403.63183299478,183044.90431697978,181419.96729629676,140449.43038447626,144478.32991574667,169613.23782471978,154228.7936177659,198740.04631878782,170331.28105819374,146488.83903665058,139108.3762842812,169526.75938720762,178387.93813870114,142895.91531065627,176082.35234047784,150700.54158775098,165082.2408962766,159807.82490394046,154815.060547707,155138.64374187402,130096.96577962762,176561.70884478977,198987.7705515696,151270.49160034588,108973.20778901663,159680.599220061,143460.74745605173,177258.87031859264
180839.8171577766,187124.08679970636,142462.83124357648,161635.96014202927,137674.44028364046,151640.18077877525,124700.96456086572,167466.79677549907,108187.85162983353,160693.7404603124,119384.01922378452,151396.43045073826,176597.02544750457,135041.56160147607,147140.33680418093,173084.75530634273,202780.8015786891,155481.9809008183,185085.6855849708,150234.9790233429,153235.2546207087,148319.97366915183,168802.77536609856,133403.63183299478,183044.90431697978,181419.96729629676,140449.43038447626,144478.32991574667,169613.23782471978,154228.7936177659,194972.72775322583,169871.62231827222,146488.83903665058,139108.3762842812,169526.75938720762,172138.89947540092,142895.91531065627,175796.55713564926,150700.54158775098,165082.2408962766,156018.85421609398,154815.060547707,155138.64374187402,130096.96577962762,176561.70884478977,197924.3397945122,151270.49160034588,108973.20778901663,159680.599220061,143460.74745605173,177258.87031859264
180839.8171577766,187124.08679970636,142462.83124357648,158102.89375513862,137674.44028364046,144127.57294918227,123992.03838076166,147703.74160835482,108187.85162983353,160693.7404603124,119384.01922378452,151396.43045073826,176597.02544750457,135041.56160147607,147140.33680418093,173084.75530634273,202780.8015786891,123471.52444754737,185085.6855849708,150234.9790233429,153235.2546207087,148319.97366915183,143436.70052110392,133403.63183299478,183044.90431697978,181419.96729629676,136949.35518911853,144478.32991574667,169613.23782471978,154228.7936177659,194972.72775322583,169871.62231827222,146488.83903665058,139108.3762842812,169526.75938720762,172138.89947540092,142895.91531065627,175796.55713564926,150700.54158775098,165082.2408962766,147653.5500304499,152270.2045820931,155138.64374187402,130096.96577962762,176561.70884478977,197924.3397945122,151270.49160034588,108973.20778901663,159680.599220061,141222.94066198697,177258.87031859264
152020.55213155082,187124.08679970636,142462.83124357648,152160.62770782912,137674.44028364046,139756.1465336196,123992.03838076166,147703.74160835482,108187.85162983353,160693.7404603124,119384.01922378452,151396.43045073826,176597.02544750457,135041.56160147607,147140.33680418093,173084.75530634273,202780.8015786891,123471.52444754737,185085.6855849708,150234.9790233429,153235.2546207087,148319.97366915183,143436.70052110392,133403.63183299478,183044.90431697978,181419.96729629676,136949.35518911853,144478.32991574667,169613.23782471978,148769.8622121652,194972.72775322583,169871.62231827222,146488.83903665058,139108.3762842812,168372.02663927525,172138.89947540092,142895.91531065627,175796.55713564926,150700.54158775098,165082.2408962766,147653.5500304499,152270.2045820931,155138.64374187402,130096.96577962762,176561.70884478977,197924.3397945122,151270.49160034588,108973.20778901663,159680.599220061,141222.94066198697,177258.87031859264
152020.55213155082,187124.08679970636,125840.32206535121,152160.62770782912,137674.44028364046,139756.1465336196,123992.03838076166,147703.74160835482,108187.85162983353,160693.7404603124,108100.25796407544,151396.43045073826,176597.02544750457,135041.56160147607,147140.33680418093,163229.8754166279,181226.15758172935,123471.52444754737,168111.46017657625,150234.9790233429,153235.2546207087,147598.82265571755,143436.70052110392,133403.63183299478,183044.90431697978,178120.24717146065,136949.35518911853,144478.32991574667,169386.32691548904,148769.8622121652,194417.2371213591,169871.62231827222,146488.83903665058,139108.3762842812,143710.55449945014,172138.89947540092,142895.91531065627,161761.79565231217,150700.54158775098,165082.2408962766,147653.5500304499,152270.2045820931,155138.64374187402,128653.91286572942,146967.46482969433,187260.2905992139,151270.49160034588,108973.20778901663,159680.599220061,141222.94066198697,177258.87031859264
152020.55213155082,180174.50106205817,125840.32206535121,152160.62770782912,137674.44028364046,139756.1465336196,123992.03838076166,147703.74160835482,108187.85162983353,146535.66931431048,108100.25796407544,151396.43045073826,176597.02544750457,135041.56160147607,147140.33680418093,163229.8754166279,181226.15758172935,123471.52444754737,168111.46017657625,150234.9790233429,127839.657006864,147598.82265571755,143436.70052110392,133403.63183299478,151466.32473603438,178120.24717146065,136839.67041055925,144478.32991574667,169362.09266089607,144826.87079877616,191158.981711878,169871.62231827222,146488.83903665058,139108.3762842812,143710.55449945014,172138.89947540092,142895.91531065627,161761.79565231217,150700.54158775098,165082.2408962766,144457.85345693261,152270.2045820931,155138.64374187402,128653.91286572942,146967.46482969433,183936.34927728548,149957.0083669749,108973.20778901663,159680.599220061,141222.94066198697,162154.0961494751
146333.70710934486,160218.16599751095,125840.32206535121,148162.152502729,137674.44028364046,139756.1465336196,119523.8230369783,147703.74160835482,108187.85162983353,140124.64385692915,108100.25796407544,127792.89869283617,176597.02544750457,135041.56160147607,142462.5160025568,163229.8754166279,161504.20905237156,123471.52444754737,168111.46017657625,127156.95498906648,127839.657006864,147598.82265571755,143436.70052110392,133403.63183299478,151466.32473603438,178120.24717146065,127766.29734005217,144478.32991574667,169362.09266089607,138536.01619888557,191158.981711878,155590.20448911175,146488.83903665058,139108.3762842812,143710.55449945014,151118.85600021543,142895.91531065627,150003.72295028815,150700.54158775098,165082.2408962766,120972.60159983335,152270.2045820931,150767.40009971336,128653.91286572942,146967.46482969433,183936.34927728548,149957.0083669749,108973.20778901663,159680.599220061,141222.94066198697,160534.51648761457
146333.70710934486,160218.16599751095,125840.32206535121,148162.152502729,123273.4598419947,139756.1465336196,118261.49644112524,110306.99083908496,108187.85162983353,140124.64385692915,102099.38253757621,127792.89869283617,176597.02544750457,135041.56160147607,142462.5160025568,163229.8754166279,161504.20905237156,123471.52444754737,168111.46017657625,127156.95498906648,127839.657006864,139859.01481513568,143436.70052110392,125435.93874798424,151466.32473603438,178120.24717146065,112819.83860093428,144478.32991574667,151637.15968569712,125273.5920524979,191158.981711878,140306.5323045508,129948.32150436247,139108.3762842812,143710.55449945014,151118.85600021543,142895.91531065627,150003.72295028815,150700.54158775098,165082.2408962766,120972.60159983335,147863.00028746412,150767.40009971336,116705.54071903878,146967.46482969433,182048.09814228694,149957.0083669749,108973.20778901663,159680.599220061,137837.98841209422,160534.51648761457
146333.70710934486,141045.8782787857,125840.32206535121,148162.152502729,123273.4598419947,139756.1465336196,118261.49644112524,110306.99083908496,108187.85162983353,127155.21569272586,102099.38253757621,127792.89869283617,165344.61613752786,135041.56160147607,142462.5160025568,163229.8754166279,161504.20905237156,123471.52444754737,168111.46017657625,118328.77135160778,127839.657006864,139859.01481513568,143436.70052110392,125435.93874798424,151466.32473603438,170454.29721229186,112819.83860093428,143828.11393324786,151637.15968569712,125273.5920524979,188034.13767720008,138183.7473751574,129948.32150436247,139108.3762842812,143710.55449945014,151118.85600021543,142895.91531065627,150003.72295028815,150700.54158775098,165082.2408962766,120972.60159983335,147863.00028746412,150767.40009971336,116705.54071903878,144286.44037418265,182048.09814228694,149957.0083669749,108973.20778901663,159680.599220061,137837.98841209422,160534.51648761457
143191.67406710165,141045.8782787857,125840.32206535121,135931.48513198248,123273.4598419947,139756.1465336196,110842.4303314602,110306.99083908496,108187.85162983353,127155.21569272586,102099.38253757621,127792.89869283617,165344.61613752786,135041.56160147607,142462.5160025568,163229.8754166279,161504.20905237156,123471.52444754737,168111.46017657625,118328.77135160778,127839.657006864,139859.01481513568,143436.70052110392,125435.93874798424,132577.15733103568,170454.29721229186,112819.83860093428,143828.11393324786,151637.15968569712,125273.5920524979,188034.13767720008,138183.7473751574,129948.32150436247,139108.3762842812,143710.55449945014,151118.85600021543,129126.18801840411,150003.72295028815,150700.54158775098,165082.2408962766,120972.60159983335,147863.00028746412,150767.40009971336,116705.54071903878,144286.44037418265,171501.3056137687,149957.0083669749,108973.20778901663,159680.599220061,137837.98841209422,160534.51648761457
143191.67406710165,141045.8782787857,125840.32206535121,135931.48513198248,123273.4598419947,139756.1465336196,110842.4303314602,110306.99083908496,108187.85162983353,127155.21569272586,102099.38253757621,127792.89869283617,165344.61613752786,135041.56160147607,142462.5160025568,151256.33924258366,133118.47181532293,123471.52444754737,168111.46017657625,118328.77135160778,121289.37057057241,137031.14214374407,143436.70052110392,119461.76261612856,132577.15733103568,170454.29721229186,112819.83860093428,143828.11393324786,151637.15968569712,125273.5920524979,176092.82337668128,138183.7473751574,129948.32150436247,139108.3762842812,143710.55449945014,145393.68887907657,129126.18801840411,150003.72295028815,150700.54158775098,165082.2408962766,120972.60159983335,147863.00028746412,150767.40009971336,116705.54071903878,144286.44037418265,171501.3056137687,149957.0083669749,108973.20778901663,159680.599220061,137837.98841209422,160534.51648761457
143191.67406710165,141045.8782787857,125840.32206535121,135931.48513198248,123273.4598419947,139756.1465336196,110842.4303314602,110306.99083908496,108187.85162983353,125968.41823992408,102099.38253757621,127792.89869283617,165344.61613752786,135041.56160147607,142462.5160025568,151256.33924258366,133118.47181532293,123471.52444754737,168111.46017657625,118328.77135160778,121289.37057057241,137031.14214374407,143436.70052110392,119461.76261612856,132577.15733103568,170454.29721229186,112819.83860093428,143828.11393324786,149525.50762984305,125273.5920524979,176092.82337668128,138183.7473751574,129948.32150436247,139108.3762842812,143710.55449945014,145393.68887907657,129126.18801840411,149978.4945372034,150700.54158775098,165082.2408962766,119195.98781004084,147863.00028746412,150767.40009971336,116705.54071903878,144286.44037418265,171501.3056137687,149957.0083669749,108973.20778901663,154803.68239577758,133862.94432076902,160534.51648761457
143191.67406710165,141045.8782787857,123796.99527336282,135931.48513198248,123273.4598419947,139756.1465336196,110842.4303314602,110306.99083908496,108187.85162983353,125968.41823992408,102099.38253757621,127792.89869283617,165344.61613752786,135041.56160147607,141494.01374980938,151256.33924258366,133118.47181532293,123471.52444754737,168111.46017657625,118328.77135160778,121289.37057057241,124478.26589303202,143436.70052110392,119461.76261612856,132577.15733103568,170454.29721229186,112686.5769892648,143828.11393324786,149525.50762984305,125273.5920524979,173604.65028985348,138183.7473751574,129948.32150436247,139108.3762842812,143710.55449945014,145393.68887907657,129126.18801840411,149978.4945372034,150700.54158775098,165082.2408962766,119195.98781004084,147863.00028746412,150767.40009971336,116705.54071903878,144286.44037418265,171501.3056137687,149957.0083669749,104521.69816145353,154803.68239577758,132075.11949479172,160534.51648761457
141951.28338014177,141045.8782787857,123796.99527336282,135931.48513198248,123273.4598419947,136766.99161984603,110842.4303314602,110306.99083908496,108187.85162983353,125968.41823992408,100920.57638130749,127792.89869283617,165344.61613752786,135041.56160147607,141494.01374980938,151256.33924258366,133118.47181532293,119199.5555033845,168111.46017657625,118328.77135160778,121289.37057057241,123663.88675693677,143436.70052110392,119461.76261612856,132577.15733103568,170454.29721229186,112686.5769892648,143828.11393324786,149525.50762984305,125273.5920524979,173604.65028985348,138183.7473751574,129948.32150436247,139108.3762842812,143710.55449945014,145393.68887907657,129126.18801840411,149408.33376807786,142403.20843097116,161434.54605195991,119195.98781004084,146401.13088376168,150767.40009971336,116705.54071903878,144286.44037418265,156473.43467473213,149957.0083669749,104521.69816145353,154803.68239577758,132075.11949479172,144659.61424724362
129046.89762788588,141045.8782787857,123796.99527336282,135931.48513198248,123273.4598419947,98894.78448606894,110842.4303314602,110306.99083908496,108187.85162983353,125968.41823992408,100920.57638130749,127792.89869283617,151878.0173007715,135041.56160147607,141494.01374980938,151256.33924258366,133118.47181532293,119199.5555033845,164396.28911444967,114255.23490142816,116228.91242317486,123663.88675693677,143436.70052110392,119461.76261612856,132577.15733103568,170454.29721229186,112686.5769892648,143828.11393324786,149525.50762984305,125273.5920524979,173604.65028985348,98325.58919856024,129948.32150436247,129391.1477892249,143710.55449945014,145393.68887907657,129126.18801840411,149408.33376807786,142403.20843097116,159003.0240430385,119195.98781004084,138229.09700022888,150767.40009971336,116705.54071903878,144286.44037418265,156473.43467473213,149957.0083669749,104521.69816145353,154803.68239577758,132075.11949479172,134463.0604815133
129046.89762788588,141045.8782787857,123796.99527336282,130474.48925480504,123273.4598419947,98894.78448606894,101226.75656240765,110306.99083908496,106217.94536329941,125968.41823992408,100920.57638130749,119413.06711265456,151878.0173007715,124218.22175145063,141494.01374980938,151256.33924258366,133118.47181532293,119199.5555033845,164396.28911444967,114255.23490142816,116228.91242317486,123663.88675693677,143436.70052110392,119461.76261612856,108245.57326330313,170454.29721229186,112686.5769892648,143828.11393324786,149525.50762984305,123202.68876436618,173604.65028985348,98325.58919856024,129948.32150436247,120509.98414983401,143710.55449945014,145393.68887907657,129126.18801840411,149408.33376807786,142403.20843097116,159003.0240430385,119195.98781004084,138229.09700022888,137549.5855775422,116705.54071903878,144286.44037418265,156473.43467473213,149957.0083669749,104521.69816145353,152880.5344684133,132075.11949479172,134463.0604815133
129046.89762788588,141045.8782787857,123796.99527336282,130474.48925480504,123273.4598419947,98894.78448606894,101226.75656240765,110306.99083908496,106217.94536329941,107325.30857763106,100920.57638130749,119413.06711265456,134306.69684177404,124218.22175145063,141494.01374980938,140147.44948574202,133118.47181532293,119199.5555033845,164396.28911444967,114255.23490142816,116228.91242317486,92971.76855365727,137201.848658645,119461.76261612856,108245.57326330313,170454.29721229186,112686.5769892648,143828.11393324786,149525.50762984305,123202.68876436618,169999.00168537558,98325.58919856024,121746.11995666876,120509.98414983401,143710.55449945014,145393.68887907657,129126.18801840411,149408.33376807786,142403.20843097116,157725.0027568935,119195.98781004084,138229.09700022888,137549.5855775422,114654.04823506283,139687.39283486747,156473.43467473213,138344.00489628155,104521.69816145353,152880.5344684133,116137.29362938556,134463.0604815133
129046.89762788588,141045.8782787857,122430.503582859,130474.48925480504,123273.4598419947,98894.78448606894,101226.75656240765,110306.99083908496,106217.94536329941,107325.30857763106,100920.57638130749,119413.06711265456,134306.69684177404,124218.22175145063,141494.01374980938,140147.44948574202,133118.47181532293,119199.5555033845,164396.28911444967,114255.23490142816,116228.91242317486,92971.76855365727,137201.848658645,119461.76261612856,108245.57326330313,152938.35733019377,104385.55588528047,143828.11393324786,147831.51961927206,117122.43542125223,169999.00168537558,98325.58919856024,121746.11995666876,120509.98414983401,143710.55449945014,145290.59496316244,129126.18801840411,149408.33376807786,135303.64116915764,157725.0027568935,117219.35324961787,138229.09700022888,137549.5855775422,82161.4126361938,139687.39283486747,154270.45058778222,138344.00489628155,104521.69816145353,152880.5344684133,115332.00645111183,134463.0604815133
121359.20249285635,141045.8782787857,122430.503582859,125970.37693364178,118616.81560428343,98894.78448606894,101226.75656240765,110306.99083908496,103086.86647375606,107325.30857763106,100920.57638130749,119413.06711265456,134306.69684177404,118227.03992862985,122992.83730918837,140147.44948574202,133118.47181532293,116936.4278847399,163936.31688952554,114255.23490142816,116228.91242317486,92971.76855365727,137201.848658645,119461.76261612856,108245.57326330313,146960.52150409555,104385.55588528047,143828.11393324786,134867.99254701368,117122.43542125223,167534.5904606776,98325.58919856024,121746.11995666876,120031.39291242446,143710.55449945014,130066.47966095504,129126.18801840411,131582.84625327433,126150.56085844195,154128.1589062023,117219.35324961787,128422.86692954386,137549.5855775422,82161.4126361938,139687.39283486747,154270.45058778222,128398.23053950265,104521.69816145353,143051.43174912833,115332.00645111183,134463.0604815133
121359.20249285635,141045.8782787857,122430.503582859,125970.37693364178,118616.81560428343,98894.78448606894,101226.75656240765,110306.99083908496,103086.86647375606,107325.30857763106,100920.57638130749,119413.06711265456,134306.69684177404,118227.03992862985,122992.83730918837,115757.18240673403,133118.47181532293,116461.37917564367,163936.31688952554,114255.23490142816,116228.91242317486,92971.76855365727,130793.19268351381,101177.16264905133,108245.57326330313,135718.48140172832,104385.55588528047,135443.40972674685,134867.99254701368,108283.6662427225,167534.5904606776,97042.39656317665,121746.11995666876,120031.39291242446,131665.94999416368,130066.47966095504,129126.18801840411,131582.84625327433,126150.56085844195,154128.1589062023,117219.35324961787,128422.86692954386,137549.5855775422,82161.4126361938,136214.28110541412,154270.45058778222,128398.23053950265,94859.74733637997,143051.43174912833,115332.00645111183,101403.13463257956
121359.20249285635,141045.8782787857,111731.71512544547,125970.37693364178,118616.81560428343,98894.78448606894,101226.75656240765,110306.99083908496,103086.86647375606,107325.30857763106,100920.57638130749,110540.37722934109,131775.1037163072,107952.41619329038,122992.83730918837,115757.18240673403,133118.47181532293,100396.83525485721,157071.51280471095,111368.73757842024,116228.91242317486,92971.76855365727,130793.19268351381,101177.16264905133,108245.57326330313,135718.48140172832,100499.4079927557,122085.23812479824,134867.99254701368,108283.6662427225,136795.66268478968,97042.39656317665,121746.11995666876,120031.39291242446,131665.94999416368,117936.5344975602,129126.18801840411,131582.84625327433,126150.56085844195,154128.1589062023,111219.54717894658,128422.86692954386,109715.22965226285,82161.4126361938,127800.7358394781,154270.45058778222,128398.23053950265,94859.74733637997,143051.43174912833,115332.00645111183,101403.13463257956
121359.20249285635,141045.8782787857,111731.71512544547,119692.94259963397,118616.81560428343,98894.78448606894,101226.75656240765,110306.99083908496,93468.28768947121,107325.30857763106,100920.57638130749,110540.37722934109,131775.1037163072,107952.41619329038,122992.83730918837,115757.18240673403,132312.222443095,100396.83525485721,157071.51280471095,111368.73757842024,106895.53709454436,92971.76855365727,130793.19268351381,101177.16264905133,108245.57326330313,135718.48140172832,100499.4079927557,122085.23812479824,129078.92163749105,108283.6662427225,136795.66268478968,97042.39656317665,121746.11995666876,113419.16464739735,131665.94999416368,117936.5344975602,129126.18801840411,131582.84625327433,123286.97918438584,154128.1589062023,107888.01924289008,128422.86692954386,109715.22965226285,82161.4126361938,121946.85269755602,154270.45058778222,127419.20377783694,94859.74733637997,130663.94522464214,115332.00645111183,101403.13463257956
121359.20249285635,141045.8782787857,111731.71512544547,108584.30156260921,118616.81560428343,96706.49371281153,101226.75656240765,96846.24251772706,93468.28768947121,107325.30857763106,98245.3331136799,110540.37722934109,128025.5375890441,107952.41619329038,122992.83730918837,115757.18240673403,132312.222443095,100396.83525485721,157071.51280471095,111368.73757842024,106895.53709454436,92971.76855365727,130793.19268351381,101177.16264905133,108245.57326330313,133591.42217239641,100499.4079927557,122085.23812479824,123308.79110515055,100274.40694864953,136795.66268478968,97042.39656317665,117499.94511921781,113419.16464739735,125512.61835394413,117936.5344975602,129126.18801840411,128645.92429627683,123286.97918438584,154128.1589062023,107888.01924289008,128422.86692954386,109715.22965226285,78506.42263390325,105336.54767404683,154270.45058778222,127419.20377783694,87096.29725446622,130663.94522464214,115332.00645111183,101403.13463257956
121359.20249285635,141045.8782787857,111731.71512544547,108584.30156260921,118616.81560428343,96706.49371281153,101226.75656240765,96846.24251772706,93468.28768947121,107325.30857763106,98245.3331136799,110540.37722934109,126888.50323938463,107952.41619329038,122992.83730918837,115757.18240673403,126794.4134152256,100396.83525485721,154099.72515395292,91984.37697520792,106895.53709454436,92971.76855365727,130793.19268351381,101177.16264905133,108245.57326330313,133591.42217239641,100499.4079927557,122085.23812479824,123308.79110515055,100274.40694864953,136795.66268478968,97042.39656317665,117499.94511921781,104131.93156793714,125512.61835394413,117936.5344975602,129126.18801840411,104597.13339879988,123286.97918438584,154128.1589062023,107888.01924289008,121940.53810839154,106243.70257182498,78506.42263390325,105336.54767404683,150338.8698528049,127419.20377783694,87096.29725446622,130663.94522464214,114364.6244161287,101403.13463257956
113368.17135484939,141045.8782787857,111731.71512544547,108584.30156260921,118616.81560428343,96706.49371281153,93080.53811349678,96846.24251772706,93014.0304603949,107325.30857763106,98245.3331136799,110540.37722934109,125584.20813400095,107952.41619329038,122992.83730918837,115757.18240673403,126794.4134152256,100396.83525485721,119501.48794260612,91984.37697520792,100638.62326606081,92971.76855365727,130793.19268351381,101177.16264905133,108245.57326330313,133591.42217239641,100308.65515371393,122085.23812479824,123308.79110515055,93535.61074249836,136795.66268478968,97042.39656317665,117499.94511921781,104131.93156793714,125512.61835394413,117936.5344975602,129126.18801840411,103098.0196246554,122904.36296104889,154128.1589062023,107888.01924289008,105467.13027285058,106243.70257182498,78506.42263390325,105336.54767404683,150338.8698528049,127419.20377783694,87096.29725446622,130663.94522464214,114364.6244161287,101403.13463257956
109488.54413621104,129950.73538758338,111731.71512544547,108584.30156260921,118616.81560428343,96706.49371281153,83293.1129249497,96846.24251772706,93014.0304603949,107325.30857763106,98245.3331136799,110540.37722934109,125584.20813400095,93126.40061059102,122992.83730918837,115757.18240673403,118668.90480904098,100396.83525485721,119501.48794260612,91984.37697520792,100638.62326606081,92971.76855365727,125987.10058025099,101177.16264905133,108245.57326330313,124047.61923141906,100308.65515371393,108255.07981696089,123308.79110515055,93535.61074249836,136378.9815825143,97042.39656317665,117499.94511921781,104131.93156793714,125512.61835394413,117168.77887063925,129126.18801840411,103098.0196246554,119076.62017998713,154128.1589062023,107888.01924289008,105467.13027285058,106243.70257182498,78506.42263390325,99342.90987586716,150338.8698528049,115526.50070867024,87096.29725446622,130663.94522464214,114364.6244161287,101403.13463257956
109488.54413621104,129950.73538758338,94637.01029944877,108584.30156260921,114240.21838054947,96706.49371281153,83293.1129249497,96846.24251772706,92458.69314140904,91851.49001604291,98245.3331136799,106061.9872433848,124527.52263384586,93126.40061059102,113223.99804230823,115757.18240673403,118168.82677386311,100396.83525485721,119501.48794260612,91984.37697520792,100638.62326606081,92971.76855365727,121974.53802104449,101177.16264905133,108245.57326330313,124047.61923141906,99639.98616312546,108255.07981696089,115306.64986574976,93535.61074249836,136378.9815825143,97042.39656317665,113821.25564951116,104131.93156793714,108410.5518181307,117168.77887063925,129126.18801840411,103098.0196246554,119076.62017998713,154128.1589062023,106040.52331181426,105467.13027285058,106243.70257182498,78506.42263390325,97381.91214330019,150338.8698528049,115526.50070867024,79073.74929856966,130663.94522464214,114364.6244161287,101403.13463257956
109488.54413621104,129950.73538758338,94637.01029944877,108584.30156260921,114240.21838054947,96706.49371281153,83293.1129249497,96846.24251772706,92458.69314140904,91851.49001604291,98245.3331136799,106061.9872433848,124527.52263384586,93126.40061059102,108576.60878912534,114684.2789576925,118168.82677386311,100396.83525485721,119501.48794260612,91984.37697520792,100638.62326606081,92971.76855365727,121974.53802104449,99101.74315783515,108245.57326330313,124047.61923141906,99639.98616312546,108255.07981696089,115306.64986574976,93535.61074249836,136378.9815825143,97042.39656317665,113821.25564951116,104131.93156793714,108410.5518181307,117168.77887063925,129126.18801840411,103098.0196246554,117512.52510849947,140900.39180218332,106040.52331181426,105467.13027285058,106243.70257182498,78506.42263390325,97381.91214330019,150338.8698528049,114995.07475459049,74623.63094897641,130663.94522464214,114364.6244161287,101403.13463257956
109488.54413621104,129950.73538758338,94637.01029944877,107502.88505143857,114240.21838054947,96706.49371281153,68979.34191882785,93186.2665336697,92458.69314140904,91851.49001604291,98245.3331136799,106061.9872433848,124527.52263384586,93126.40061059102,108576.60878912534,114684.2789576925,108098.39884191737,100396.83525485721,119501.48794260612,91984.37697520792,100638.62326606081,92971.76855365727,121974.53802104449,99096.46809256941,108245.57326330313,124047.61923141906,87709.22074709539,108255.07981696089,115306.64986574976,93535.61074249836,136378.9815825143,90703.9023541104,113821.25564951116,104131.93156793714,108410.5518181307,117168.77887063925,124688.55531946254,103098.0196246554,111164.10114171662,140900.39180218332,106040.52331181426,105467.13027285058,106243.70257182498,78506.42263390325,97381.91214330019,150338.8698528049,114995.07475459049,74623.63094897641,130663.94522464214,114364.6244161287,101403.13463257956
109488.54413621104,129950.73538758338,74318.69154899541,107502.88505143857,114240.21838054947,96706.49371281153,68979.34191882785,93186.2665336697,92458.69314140904,91851.49001604291,86395.06392058644,106061.9872433848,124527.52263384586,93126.40061059102,108576.60878912534,114684.2789576925,108098.39884191737,100396.83525485721,119501.48794260612,89371.75466647594,100638.62326606081,92971.76855365727,120270.44848525764,85966.04538370858,108226.8058177006,124047.61923141906,87709.22074709539,108255.07981696089,104831.07524584903,93535.61074249836,129466.73932651377,90703.9023541104,113821.25564951116,104131.93156793714,108410.5518181307,117168.77887063925,124688.55531946254,103098.0196246554,111164.10114171662,140900.39180218332,106040.52331181426,105467.13027285058,106243.70257182498,78506.42263390325,97381.91214330019,126943.32166248436,114995.07475459049,74623.63094897641,130663.94522464214,114364.6244161287,101403.13463257956
109488.54413621104,129950.73538758338,74318.69154899541,84010.43707159793,114240.21838054947,96706.49371281153,68979.34191882785,93186.2665336697,92276.62382771721,91851.49001604291,85233.94953727629,106061.9872433848,124527.52263384586,93126.40061059102,108576.60878912534,104904.24226143997,108098.39884191737,100396.83525485721,119501.48794260612,89371.75466647594,95807.9710052892,92054.23962451429,120270.44848525764,85966.04538370858,100015.25969955474,119732.24625275328,87709.22074709539,108255.07981696089,104831.07524584903,93535.61074249836,129466.73932651377,90703.9023541104,110831.51121706318,104131.93156793714,108410.5518181307,117168.77887063925,121653.10212780816,103098.0196246554,100486.31711475636,134687.80113793147,100402.41813126883,105467.13027285058,84466.08312913656,78506.42263390325,94129.37340538291,126943.32166248436,114995.07475459049,74623.63094897641,130663.94522464214,114364.6244161287,96754.64035364643
109488.54413621104,123695.20137581124,74318.69154899541,82790.24343043136,114240.21838054947,96706.49371281153,68979.34191882785,93186.2665336697,87748.28888951249,91851.49001604291,85233.94953727629,106061.9872433848,120176.93717558387,81932.67885145327,89454.58775929175,104904.24226143997,108098.39884191737,100396.83525485721,119501.48794260612,89371.75466647594,95807.9710052892,92054.23962451429,107379.64001041565,85966.04538370858,100015.25969955474,119732.24625275328,87709.22074709539,108255.07981696089,101431.66776536228,93535.61074249836,128405.09544708086,90703.9023541104,110831.51121706318,104131.93156793714,108410.5518181307,109519.63338553386,121653.10212780816,103098.0196246554,100486.31711475636,134687.80113793147,86203.33271711809,92930.4587547088,84466.08312913656,78506.42263390325,94129.37340538291,126943.32166248436,112250.97169371613,74623.63094897641,130663.94522464214,114364.6244161287,96754.64035364643
109488.54413621104,123695.20137581124,74318.69154899541,82790.24343043136,114240.21838054947,96706.49371281153,68979.34191882785,93186.2665336697,79685.06624197245,84671.55695711274,85233.94953727629,106061.9872433848,100377.45634180839,81932.67885145327,89454.58775929175,104904.24226143997,108098.39884191737,100396.83525485721,119501.48794260612,89212.4578577393,95633.72078089177,85511.52250095627,107379.64001041565,85966.04538370858,100015.25969955474,119732.24625275328,87709.22074709539,108255.07981696089,101431.66776536228,93535.61074249836,128405.09544708086,90703.9023541104,107608.64180706811,104131.93156793714,108410.5518181307,109519.63338553386,120771.47156845819,103098.0196246554,94855.65677358024,134687.80113793147,86203.33271711809,92930.4587547088,83067.67432068293,75545.65124300584,90599.92289503552,109997.3511645767,112250.97169371613,74623.63094897641,130663.94522464214,112841.2354239507,96754.64035364643
109488.54413621104,123695.20137581124,74318.69154899541,82790.24343043136,114240.21838054947,96706.49371281153,68979.34191882785,93186.2665336697,79685.06624197245,84671.55695711274,84611.15658249892,106061.9872433848,100377.45634180839,81506.05448417788,89454.58775929175,104904.24226143997,108098.39884191737,90371.53055206603,119501.48794260612,87490.10604733462,84249.1564415225,85511.52250095627,107379.64001041565,85966.04538370858,100015.25969955474,119732.24625275328,87709.22074709539,108255.07981696089,101431.66776536228,93535.61074249836,128405.09544708086,90544.5375379231,101619.34590497735,95421.34887701704,108410.5518181307,86635.4823320325,115026.25799363214,103098.0196246554,94855.65677358024,123768.61011362114,86203.33271711809,92930.4587547088,83067.67432068293,75545.65124300584,90599.92289503552,109997.3511645767,108117.803078648,74623.63094897641,130663.94522464214,112841.2354239507,96754.64035364643
92739.04166829758,110799.98577948507,74318.69154899541,78198.50274546369,79979.22676065582,96706.49371281153,68979.34191882785,93186.2665336697,79685.06624197245,84671.55695711274,84611.15658249892,106061.9872433848,100377.45634180839,81506.05448417788,89072.5384787943,104904.24226143997,108098.39884191737,83012.00296278264,119501.48794260612,87490.10604733462,84249.1564415225,85511.52250095627,107379.64001041565,82741.70093040419,88952.81919027296,119732.24625275328,85396.93337168403,108255.07981696089,101155.0444938009,93535.61074249836,128405.09544708086,83400.84463479456,101619.34590497735,95421.34887701704,108410.5518181307,86635.4823320325,115026.25799363214,103098.0196246554,94855.65677358024,123768.61011362114,86203.33271711809,92930.4587547088,83067.67432068293,75177.38179538731,90599.92289503552,109997.3511645767,108117.803078648,66843.46511857946,126080.08785781043,112841.2354239507,82621.03811399947
92739.04166829758,110799.98577948507,72517.12497956504,78198.50274546369,79979.22676065582,96706.49371281153,67238.86898262537,93186.2665336697,79685.06624197245,84671.55695711274,84611.15658249892,87443.10458518605,100377.45634180839,81506.05448417788,89072.5384787943,104904.24226143997,105790.95564986057,77663.29637528173,119501.48794260612,69164.71962104179,84249.1564415225,85511.52250095627,107379.64001041565,82741.70093040419,88952.81919027296,111581.82871273572,78443.97777872783,108255.07981696089,101155.0444938009,93535.61074249836,128405.09544708086,81179.70820138683,101619.34590497735,95421.34887701704,89312.1339903874,86635.4823320325,103358.5321126349,103098.0196246554,94855.65677358024,123768.61011362114,86203.33271711809,92930.4587547088,83067.67432068293,75177.38179538731,90599.92289503552,109997.3511645767,108117.803078648,66843.46511857946,126080.08785781043,103341.1911700733,82621.03811399947
92739.04166829758,110799.98577948507,72517.12497956504,78198.50274546369,79979.22676065582,96706.49371281153,67238.86898262537,93186.2665336697,79685.06624197245,84671.55695711274,84611.15658249892,87443.10458518605,100377.45634180839,81506.05448417788,88186.65867173595,104904.24226143997,105790.95564986057,72244.057792994,119501.48794260612,69164.71962104179,84249.1564415225,85511.52250095627,107379.64001041565,79098.18880347082,88952.81919027296,111581.82871273572,78443.97777872783,108255.07981696089,92991.33916889639,93535.61074249836,128405.09544708086,81179.70820138683,101619.34590497735,94749.2363701975,89312.1339903874,86635.4823320325,103358.5321126349,103098.0196246554,90240.09296737239,123768.61011362114,86203.33271711809,92930.4587547088,83067.67432068293,66339.81600771085,84788.44103485209,109997.3511645767,108117.803078648,66843.46511857946,120603.87206913209,101610.76883208017,82621.03811399947
92739.04166829758,110799.98577948507,72517.12497956504,78198.50274546369,79979.22676065582,94775.652961424,66267.46196933654,93186.2665336697,78776.92258623963,84671.55695711274,68603.03333769616,87443.10458518605,100377.45634180839,81506.05448417788,88186.65867173595,99782.98403244434,105790.95564986057,69348.6711665382,83064.10501654087,69164.71962104179,84249.1564415225,85511.52250095627,105156.58885172356,79098.18880347082,88952.81919027296,104222.28405834294,75798.78363432214,108255.07981696089,92991.33916889639,93535.61074249836,114390.83400430295,78733.93345504008,98840.26934255676,94749.2363701975,89312.1339903874,86635.4823320325,103358.5321126349,103098.0196246554,90240.09296737239,123768.61011362114,86203.33271711809,92930.4587547088,82479.10292542714,66339.81600771085,84788.44103485209,109997.3511645767,101302.33878895004,66843.46511857946,112845.02369042813,101610.76883208017,82621.03811399947
85550.90678203176,110799.98577948507,72517.12497956504,78198.50274546369,79979.22676065582,94775.652961424,64346.12892918788,88769.44363735974,64062.6411327254,84671.55695711274,68603.03333769616,87443.10458518605,100377.45634180839,78966.1068912878,88186.65867173595,99782.98403244434,104728.30592087547,69348.6711665382,83064.10501654087,69164.71962104179,77715.78670112263,85511.52250095627,105156.58885172356,79098.18880347082,88952.81919027296,104222.28405834294,75798.78363432214,108255.07981696089,90537.93576511255,93535.61074249836,98069.04359661798,78733.93345504008,96957.85879225288,92510.8226661554,89312.1339903874,86635.4823320325,100081.58916769967,95806.2209535043,90240.09296737239,123768.61011362114,86203.33271711809,92930.4587547088,82479.10292542714,66339.81600771085,84788.44103485209,109997.3511645767,101302.33878895004,66843.46511857946,111759.65762243992,96273.6658481656,82621.03811399947
84617.68382201955,103722.18021836532,72517.12497956504,78198.50274546369,79979.22676065582,94775.652961424,64346.12892918788,88769.44363735974,64062.6411327254,80326.11106781651,68603.03333769616,87443.10458518605,100377.45634180839,78966.1068912878,88186.65867173595,93654.61807840949,104728.30592087547,61114.8944390517,83064.10501654087,69164.71962104179,65764.20386099452,85511.52250095627,105156.58885172356,69062.92859822759,86824.4624788075,104222.28405834294,75798.78363432214,108255.07981696089,90537.93576511255,93173.33399176541,98069.04359661798,78733.93345504008,96957.85879225288,92510.8226661554,89312.1339903874,86635.4823320325,100081.58916769967,95806.2209535043,90240.09296737239,123768.61011362114,86203.33271711809,89241.69557804502,80758.87954669828,66339.81600771085,84788.44103485209,103934.78514518241,101302.33878895004,66843.46511857946,97338.29754579613,90255.47045246848,82621.03811399947
84617.68382201955,103722.18021836532,72517.12497956504,72282.61833348474,79979.22676065582,94775.652961424,60565.677482683524,88769.44363735974,64062.6411327254,73236.01367848282,68603.03333769616,87443.10458518605,100377.45634180839,78966.1068912878,88186.65867173595,93654.61807840949,103146.43377540828,61114.8944390517,83064.10501654087,69164.71962104179,65764.20386099452,85511.52250095627,105156.58885172356,69062.92859822759,86824.4624788075,104222.28405834294,75798.78363432214,108255.07981696089,90537.93576511255,93116.97694908877,98069.04359661798,73071.63949482994,91046.16116289093,92510.8226661554,89312.1339903874,86635.4823320325,98768.6403408655,87758.33217712218,90240.09296737239,123768.61011362114,86203.33271711809,89241.69557804502,80758.87954669828,66339.81600771085,84788.44103485209,103934.78514518241,101302.33878895004,66843.46511857946,97338.29754579613,90255.47045246848,82621.03811399947
84617.68382201955,103722.18021836532,72517.12497956504,72282.61833348474,79979.22676065582,82143.18241852726,60565.677482683524,88769.44363735974,64062.6411327254,63396.3702769279,68603.03333769616,84380.21139904647,89755.63022265556,78966.1068912878,88186.65867173595,93654.61807840949,102387.37882638336,61114.8944390517,83064.10501654087,69164.71962104179,65764.20386099452,77132.21360673851,101838.91706247455,69062.92859822759,81306.83088565698,104222.28405834294,70800.43866387515,106416.30894399439,90537.93576511255,93116.97694908877,98069.04359661798,73071.63949482994,91046.16116289093,92510.8226661554,89312.1339903874,86635.4823320325,98768.6403408655,84163.23732133249,90240.09296737239,123768.61011362114,84778.83662221344,89241.69557804502,80758.87954669828,63668.57958414981,83623.61970514472,103934.78514518241,101302.33878895004,66843.46511857946,97338.29754579613,90255.47045246848,82621.03811399947
84617.68382201955,97308.79705293225,66065.28845439224,72282.61833348474,79979.22676065582,82143.18241852726,60565.677482683524,88769.44363735974,64062.6411327254,63396.3702769279,68603.03333769616,84380.21139904647,74953.70469886753,78966.1068912878,88186.65867173595,83615.06935960572,92496.31992231324,55993.394676811855,83064.10501654087,69164.71962104179,65764.20386099452,69026.84995125904,98913.53000506359,69062.92859822759,81306.83088565698,104222.28405834294,69676.38496097989,106416.30894399439,89370.78083599353,71030.43057010107,98069.04359661798,73071.63949482994,85203.59734504012,92510.8226661554,89312.1339903874,86635.4823320325,98768.6403408655,84163.23732133249,90240.09296737239,123768.61011362114,84778.83662221344,89241.69557804502,79680.73534298973,60347.79458456322,75314.71816436252,103934.78514518241,99293.79433637687,66843.46511857946,97338.29754579613,85714.87696234521,82621.03811399947
84617.68382201955,97308.79705293225,66065.28845439224,72282.61833348474,77990.1045278336,82143.18241852726,60565.677482683524,88769.44363735974,64062.6411327254,63396.3702769279,68603.03333769616,84380.21139904647,74953.70469886753,78966.1068912878,88186.65867173595,83615.06935960572,92496.31992231324,55993.394676811855,68832.33820283874,64460.87829012276,65764.20386099452,69026.84995125904,98913.53000506359,69062.92859822759,81306.83088565698,101354.97301290915,65544.01591428579,101757.92988714344,89370.78083599353,71030.43057010107,98069.04359661798,73071.63949482994,85203.59734504012,89299.95608951108,89312.1339903874,86635.4823320325,96397.34279990698,77335.60763028439,90240.09296737239,123768.61011362114,76567.97168561017,87315.6019427265,79680.73534298973,60347.79458456322,75314.71816436252,103934.78514518241,99293.79433637687,66815.19441536695,97338.29754579613,85714.87696234521,82621.03811399947
79357.14340928772,97308.79705293225,66065.28845439224,72028.0402790466,77990.1045278336,80563.57055409372,60565.677482683524,88769.44363735974,63863.09324076834,63396.3702769279,66537.16256764503,66949.1440347973,74953.70469886753,78966.1068912878,88186.65867173595,83615.06935960572,85088.64326752933,55993.394676811855,68832.33820283874,57110.42925452044,65764.20386099452,69026.84995125904,98155.4493708476,69062.92859822759,76644.5546016463,101354.97301290915,64708.5436127948,101757.92988714344,89370.78083599353,71030.43057010107,98069.04359661798,73071.63949482994,83503.56819940779,89299.95608951108,89312.1339903874,86635.4823320325,96397.34279990698,77335.60763028439,89649.83027836576,123768.61011362114,76567.97168561017,87315.6019427265,79680.73534298973,60347.79458456322,75314.71816436252,103934.78514518241,97080.04017849473,66815.19441536695,97338.29754579613,81773.46701442919,82621.03811399947
79357.14340928772,90664.1582258863,66065.28845439224,72028.0402790466,77990.1045278336,80563.57055409372,57888.33340053428,88769.44363735974,57879.717835855394,63396.3702769279,66537.16256764503,66949.1440347973,74953.70469886753,78966.1068912878,88186.65867173595,83615.06935960572,85088.64326752933,55993.394676811855,68832.33820283874,57110.42925452044,65764.20386099452,63199.064807723094,86703.53206738693,69062.92859822759,76644.5546016463,101354.97301290915,62707.412788233494,90349.71346603005,87204.34067577762,71030.43057010107,98069.04359661798,73071.63949482994,78218.89763698004,89299.95608951108,89312.1339903874,86635.4823320325,96397.34279990698,77335.60763028439,79123.12497926378,123768.61011362114,76567.97168561017,87315.6019427265,79680.73534298973,60347.79458456322,75314.71816436252,103934.78514518241,87588.98891677006,66815.19441536695,97338.29754579613,81773.46701442919,82621.03811399947
79357.14340928772,90664.1582258863,66065.28845439224,72028.0402790466,77990.1045278336,79125.92851511693,57888.33340053428,87398.90734030404,57879.717835855394,63396.3702769279,66537.16256764503,66949.1440347973,74953.70469886753,78966.1068912878,88186.65867173595,83615.06935960572,83118.24405956485,55993.394676811855,68832.33820283874,57110.42925452044,61452.1203546064,62219.74699568093,86703.53206738693,69062.92859822759,76644.5546016463,101354.97301290915,62707.412788233494,90349.71346603005,87204.34067577762,71030.43057010107,98069.04359661798,67937.43024169451,74993.32848969832,87208.41008947483,89312.1339903874,86635.4823320325,96397.34279990698,77335.60763028439,78621.92854507129,123768.61011362114,74650.4653947342,87315.6019427265,77640.7710836293,60347.79458456322,75314.71816436252,103934.78514518241,87588.98891677006,66815.19441536695,89871.69369304067,81773.46701442919,82621.03811399947
79357.14340928772,90664.1582258863,66065.28845439224,72028.0402790466,77990.1045278336,79125.92851511693,57888.33340053428,80483.733600964,57879.717835855394,63396.3702769279,66205.75320682059,66949.1440347973,74953.70469886753,67432.28357461,88186.65867173595,83615.06935960572,82091.98804591926,55993.394676811855,68832.33820283874,57110.42925452044,61452.1203546064,53557.245520783916,86703.53206738693,68530.75071237239,76644.5546016463,101354.97301290915,62707.412788233494,90349.71346603005,87204.34067577762,71030.43057010107,98069.04359661798,61193.315622550224,74993.32848969832,79262.80628058487,89312.1339903874,86635.4823320325,96397.34279990698,77335.60763028439,78621.92854507129,122153.28438686191,74650.4653947342,87315.6019427265,77640.7710836293,60347.79458456322,75314.71816436252,103934.78514518241,87588.98891677006,63440.933505222514,89871.69369304067,70711.6358576807,82325.48439753293
73625.13413012863,90664.1582258863,66065.28845439224,72028.0402790466,77990.1045278336,79125.92851511693,56017.94830135195,74453.92677644167,51833.5135852871,63396.3702769279,62941.129258997214,66949.1440347973,73222.189221083,58526.350082797966,88186.65867173595,83615.06935960572,82091.98804591926,55993.394676811855,68832.33820283874,57110.42925452044,61452.1203546064,53557.245520783916,86703.53206738693,68530.75071237239,76015.87620477025,101354.97301290915,62707.412788233494,90349.71346603005,87204.34067577762,71030.43057010107,98069.04359661798,61193.315622550224,74993.32848969832,79262.80628058487,89312.1339903874,85073.013466604,96397.34279990698,77335.60763028439,77503.26165246958,122153.28438686191,72533.76097820033,87315.6019427265,71203.75721406729,60347.79458456322,75314.71816436252,94163.10165064211,87253.05899054224,51286.92678056684,89871.69369304067,70711.6358576807,69922.62451983278
73625.13413012863,86346.11778152549,66065.28845439224,72028.0402790466,70480.60955120438,71413.68980615179,54894.86309844558,74453.92677644167,51564.79265034712,59506.21089030693,57677.65041791438,66949.1440347973,73222.189221083,58526.350082797966,88186.65867173595,81288.79292089098,82091.98804591926,55993.394676811855,68832.33820283874,57110.42925452044,61452.1203546064,52387.7011325,86703.53206738693,68530.75071237239,71939.25751083884,98722.8783810381,62707.412788233494,90349.71346603005,87204.34067577762,70995.53468677409,98069.04359661798,61193.315622550224,74993.32848969832,79262.80628058487,83452.89430707652,81480.54929764927,95438.36312853926,77335.60763028439,77503.26165246958,122153.28438686191,72533.76097820033,87315.6019427265,71203.75721406729,60347.79458456322,75314.71816436252,94163.10165064211,81659.29909347878,51286.92678056684,89871.69369304067,70711.6358576807,69922.62451983278
73625.13413012863,85069.15679901472,66065.28845439224,68515.83326874893,70480.60955120438,71413.68980615179,48339.30859220371,74453.92677644167,51564.79265034712,59506.21089030693,57677.65041791438,66949.1440347973,73222.189221083,58526.350082797966,88186.65867173595,81288.79292089098,72050.06049352192,52271.598681330055,68832.33820283874,57110.42925452044,61452.1203546064,44186.40523457824,86703.53206738693,68530.75071237239,70552.13632032253,90113.64929491743,58238.21342770012,84839.24205560019,87204.34067577762,70995.53468677409,98069.04359661798,61193.315622550224,68315.4099902032,68587.27511134527,80736.33358601636,81480.54929764927,90683.56641810585,77335.60763028439,77503.26165246958,108953.1839546062,72533.76097820033,86428.76468920267,70221.09935580994,60347.79458456322,71931.29492628627,94163.10165064211,76118.00190482876,51286.92678056684,89871.69369304067,66569.78659519814,69922.62451983278
72344.59533060576,82266.7410764752,63044.70171090103,67890.50147802792,70480.60955120438,66929.8676410041,48339.30859220371,74453.92677644167,51564.79265034712,59506.21089030693,57677.65041791438,66949.1440347973,71808.32119769987,58526.350082797966,88186.65867173595,81288.79292089098,72050.06049352192,52271.598681330055,68832.33820283874,57110.42925452044,61452.1203546064,44186.40523457824,86703.53206738693,68530.75071237239,68720.55126382229,90113.64929491743,58238.21342770012,84839.24205560019,87204.34067577762,64880.81353199817,98069.04359661798,57685.46673521075,68315.4099902032,68587.27511134527,80736.33358601636,81480.54929764927,90683.56641810585,77335.60763028439,77503.26165246958,108953.1839546062,63169.57034052677,86428.76468920267,62532.409093929804,56092.80515532647,71931.29492628627,88868.54382926498,76118.00190482876,41497.443577120546,84496.4692986911,66569.78659519814,69922.62451983278
72344.59533060576,82266.7410764752,57232.57578565966,67250.41767391845,70480.60955120438,66929.8676410041,48339.30859220371,74453.92677644167,51564.79265034712,56905.062685448545,57677.65041791438,66949.1440347973,71808.32119769987,58526.350082797966,85466.75788960308,79904.67857601075,72050.06049352192,46248.33176340439,68832.33820283874,52661.11340554382,61452.1203546064,44186.40523457824,86703.53206738693,68530.75071237239,68720.55126382229,90113.64929491743,58238.21342770012,84839.24205560019,87204.34067577762,64880.81353199817,97049.81585340119,57685.46673521075,64808.760029958925,68587.27511134527,76470.94795956677,81480.54929764927,80287.68466233608,76877.14238758509,69403.8876969657,106483.03898402756,63169.57034052677,86428.76468920267,62532.409093929804,56092.80515532647,71931.29492628627,88868.54382926498,76118.00190482876,41497.443577120546,84496.4692986911,66569.78659519814,69922.62451983278
61591.285506349755,82266.7410764752,57232.57578565966,61220.02648246851,59773.13033397375,66929.8676410041,48339.30859220371,74453.92677644167,50622.82577020077,56905.062685448545,57677.65041791438,62104.404010295606,67981.76224231305,58526.350082797966,73717.55736402425,79117.74877804893,66133.73148314758,46248.33176340439,68832.33820283874,52661.11340554382,61452.1203546064,44186.40523457824,85911.42158953096,61259.03219937429,68720.55126382229,90113.64929491743,57976.07272358399,84839.24205560019,81856.29885639281,55021.14827729922,97049.81585340119,57685.46673521075,64808.760029958925,68024.96818647001,76470.94795956677,81480.54929764927,80287.68466233608,76877.14238758509,69403.8876969657,99003.99013205012,63169.57034052677,83234.61404273991,62532.409093929804,54609.08458426065,71931.29492628627,88868.54382926498,76118.00190482876,41497.443577120546,74879.22276598099,66569.78659519814,69922.62451983278
61591.285506349755,81900.13899019484,57232.57578565966,61220.02648246851,59773.13033397375,65379.17578308951,48339.30859220371,74453.92677644167,50622.82577020077,54272.14545235941,49034.04132088146,62104.404010295606,67981.76224231305,58526.350082797966,73717.55736402425,75196.4199230781,66133.73148314758,46248.33176340439,68832.33820283874,52661.11340554382,61452.1203546064,43350.283221019774,85911.42158953096,61259.03219937429,65497.82284922983,90113.64929491743,52059.57097651345,84839.24205560019,81856.29885639281,55021.14827729922,92897.17508804273,57685.46673521075,64808.760029958925,59634.43528498901,76470.94795956677,78626.58011604505,80287.68466233608,76877.14238758509,69403.8876969657,99003.99013205012,63169.57034052677,83234.61404273991,58331.43829227921,47630.89355439773,71931.29492628627,88868.54382926498,72591.36744050437,41497.443577120546,74879.22276598099,66569.78659519814,67342.7813129416
61591.285506349755,78402.03526526869,57232.57578565966,61220.02648246851,59773.13033397375,56441.57820049107,48339.30859220371,71318.68570528083,50622.82577020077,54272.14545235941,49034.04132088146,62104.404010295606,67981.76224231305,58526.350082797966,72888.47747585634,73385.31256741835,66133.73148314758,46248.33176340439,68832.33820283874,52661.11340554382,61452.1203546064,43350.283221019774,82118.17385713776,61259.03219937429,65497.82284922983,90113.64929491743,52059.57097651345,80684.21005374625,81856.29885639281,55021.14827729922,90264.21730926687,57685.46673521075,64808.760029958925,59634.43528498901,76470.94795956677,78626.58011604505,80287.68466233608,75630.10925082145,68255.22341257455,99003.99013205012,58081.26830335159,71276.61186340466,58331.43829227921,47630.89355439773,69119.1271821023,88868.54382926498,72591.36744050437,41497.443577120546,74879.22276598099,60078.17978263464,67342.7813129416
61591.285506349755,66661.23606900185,57232.57578565966,59273.97897574498,59271.17378922728,56441.57820049107,48339.30859220371,69849.67758361208,50622.82577020077,54272.14545235941,49034.04132088146,62104.404010295606,67981.76224231305,58526.350082797966,72888.47747585634,73385.31256741835,66133.73148314758,46248.33176340439,68832.33820283874,52661.11340554382,61452.1203546064,43350.283221019774,82118.17385713776,61259.03219937429,59883.14424857298,90113.64929491743,52059.57097651345,80684.21005374625,74388.83773756717,55021.14827729922,87468.52066743033,51484.09207401426,64808.760029958925,59634.43528498901,70969.91594212763,78626.58011604505,70038.28152715035,75630.10925082145,65998.41397886917,90983.11634099734,58081.26830335159,71276.61186340466,58331.43829227921,47630.89355439773,69119.1271821023,88868.54382926498,72591.36744050437,41497.443577120546,74879.22276598099,60078.17978263464,67342.7813129416
61591.285506349755,66661.23606900185,57232.57578565966,58288.49373790946,59252.83579506613,56441.57820049107,43713.517070915026,69849.67758361208,50622.82577020077,52512.11228316435,49034.04132088146,62104.404010295606,67981.76224231305,58221.94523903448,72888.47747585634,73385.31256741835,66133.73148314758,46248.33176340439,68832.33820283874,52661.11340554382,61452.1203546064,43350.283221019774,82118.17385713776,60813.807453387526,59883.14424857298,83427.1909556959,52059.57097651345,80684.21005374625,74388.83773756717,55021.14827729922,86188.0872106454,51484.09207401426,64808.760029958925,59634.43528498901,70969.91594212763,78626.58011604505,70038.28152715035,75630.10925082145,65998.41397886917,90983.11634099734,58081.26830335159,71276.61186340466,58331.43829227921,47630.89355439773,67081.19133377403,88868.54382926498,71417.85399173634,41497.443577120546,64969.73916714433,56591.74861107479,64808.888785221345
59679.98628234151,66661.23606900185,57232.57578565966,58288.49373790946,59252.83579506613,56441.57820049107,43713.517070915026,69849.67758361208,50622.82577020077,52512.11228316435,49034.04132088146,62104.404010295606,67981.76224231305,54890.85893839741,72888.47747585634,73213.1679991389,66133.73148314758,46248.33176340439,68832.33820283874,52661.11340554382,61239.412575913484,42222.57248109911,82118.17385713776,60813.807453387526,59883.14424857298,83427.1909556959,52059.57097651345,72624.80832496734,74388.83773756717,55021.14827729922,86188.0872106454,51484.09207401426,64808.760029958925,59634.43528498901,70969.91594212763,73805.30417268963,69194.20495294414,74955.60478018344,65998.41397886917,87528.66307494251,58081.26830335159,71276.61186340466,53304.01626225549,47630.89355439773,67081.19133377403,88868.54382926498,71417.85399173634,41497.443577120546,64969.73916714433,56591.74861107479,64808.888785221345
53046.40150946593,66661.23606900185,51257.529376528895,57843.25862245464,59252.83579506613,56441.57820049107,43713.517070915026,69722.65814069484,49306.95493459611,47884.41095243081,49034.04132088146,61668.65059437486,67981.76224231305,54890.85893839741,72888.47747585634,72879.00350703264,66133.73148314758,46248.33176340439,68832.33820283874,52661.11340554382,61239.412575913484,42222.57248109911,75296.74329779073,56264.78862986655,54215.944469752285,83427.1909556959,52059.57097651345,70873.91232780874,74388.83773756717,55021.14827729922,86188.0872106454,51484.09207401426,64808.760029958925,59634.43528498901,70969.91594212763,73805.30417268963,69194.20495294414,74955.60478018344,65998.41397886917,87528.66307494251,58081.26830335159,71276.61186340466,53304.01626225549,47630.89355439773,61014.38974345899,88868.54382926498,69478.64083480928,41497.443577120546,64969.73916714433,56591.74861107479,63954.961805805324
53046.40150946593,66661.23606900185,51257.529376528895,49357.3954630846,59252.83579506613,56441.57820049107,43536.80783011011,69722.65814069484,49306.95493459611,46921.76567815549,48679.99406246682,60027.80967197004,67531.22088203121,52301.754884210255,72888.47747585634,64877.87561174215,66133.73148314758,46248.33176340439,68832.33820283874,52661.11340554382,60847.44938867183,41937.782181749986,75296.74329779073,56264.78862986655,54215.944469752285,83427.1909556959,52059.57097651345,70873.91232780874,73550.561126365,55021.14827729922,82392.14431973986,51484.09207401426,63846.386527133116,59634.43528498901,70969.91594212763,73805.30417268963,62634.476880519716,74907.47310855157,65998.41397886917,84895.3192240369,58081.26830335159,71276.61186340466,53304.01626225549,46850.95026066013,61014.38974345899,88868.54382926498,69478.64083480928,41497.443577120546,64969.73916714433,56591.74861107479,63954.961805805324
53046.40150946593,63413.27756633378,51257.529376528895,49357.3954630846,59252.83579506613,56441.57820049107,37828.15171197226,64523.48142030865,43901.3520156725,46921.76567815549,48679.99406246682,60027.80967197004,63522.06094768805,52301.754884210255,72888.47747585634,64877.87561174215,66133.73148314758,46248.33176340439,68832.33820283874,52661.11340554382,56071.26135490427,41937.782181749986,75296.74329779073,56264.78862986655,54215.944469752285,83427.1909556959,52059.57097651345,70873.91232780874,71058.21079347233,55021.14827729922,82392.14431973986,47186.83263699532,58168.20128862204,59634.43528498901,70969.91594212763,73805.30417268963,62634.476880519716,73233.85895097791,65998.41397886917,84895.3192240369,58081.26830335159,71276.61186340466,53304.01626225549,46850.95026066013,60159.247276008384,88868.54382926498,69478.64083480928,41497.443577120546,64969.73916714433,52459.37369947491,63954.961805805324
53046.40150946593,63413.27756633378,47178.505440530644,49357.3954630846,59252.83579506613,55836.672234956866,37828.15171197226,64523.48142030865,43901.3520156725,46921.76567815549,48679.99406246682,60027.80967197004,63522.06094768805,52301.754884210255,65805.4832478043,64877.87561174215,66133.73148314758,46248.33176340439,68832.33820283874,50672.16040751986,56071.26135490427,41937.782181749986,75296.74329779073,56264.78862986655,54215.944469752285,81789.78386550657,52059.57097651345,69833.21890022657,70879.84615122991,45013.192332933264,82392.14431973986,46942.27309282522,58168.20128862204,59158.862532718835,70969.91594212763,69255.8622899713,62634.476880519716,69590.08026337935,65021.29067736253,84895.3192240369,55373.00978598665,67561.62407593061,51230.70678800276,46850.95026066013,57048.2054236506,88868.54382926498,69478.64083480928,41497.443577120546,64969.73916714433,52459.37369947491,63954.961805805324
53046.40150946593,63413.27756633378,47178.505440530644,49357.3954630846,59252.83579506613,47238.20458530574,37828.15171197226,64523.48142030865,43901.3520156725,46921.76567815549,48679.99406246682,58543.57603972108,63522.06094768805,52301.754884210255,65805.4832478043,64877.87561174215,66133.73148314758,46151.435372984095,68832.33820283874,50672.16040751986,56071.26135490427,41937.782181749986,70529.60731574292,56264.78862986655,54215.944469752285,76280.56818602327,52059.57097651345,69833.21890022657,64787.318059081284,45013.192332933264,82392.14431973986,46520.96962867693,58168.20128862204,58296.87153691195,70969.91594212763,69255.8622899713,62634.476880519716,66993.67575539676,60650.93777343825,80258.90522393199,55373.00978598665,67561.62407593061,48746.65438861453,46850.95026066013,57048.2054236506,88868.54382926498,69478.64083480928,40761.17425054483,55781.88718680693,52459.37369947491,63954.961805805324
53046.40150946593,59256.25303056438,47178.505440530644,49357.3954630846,59252.83579506613,47238.20458530574,37828.15171197226,60244.94373983388,37230.79011176859,46921.76567815549,45528.90155905271,54190.329413396,63522.06094768805,51207.692895387256,65805.4832478043,64515.53692042714,66133.73148314758,46151.435372984095,64851.84009259444,42072.9557671652,54789.349655212245,41937.782181749986,70529.60731574292,56264.78862986655,53208.00540867967,76280.56818602327,51917.63388568748,66581.7690731915,61139.60377442311,45013.192332933264,76435.9582474152,46520.96962867693,57980.48765122176,58296.87153691195,70969.91594212763,69255.8622899713,60614.66115960179,66993.67575539676,59374.37445392773,78565.99779619812,55373.00978598665,67561.62407593061,48746.65438861453,46850.95026066013,57048.2054236506,88868.54382926498,65763.18779320753,40761.17425054483,55781.88718680693,52459.37369947491,63954.961805805324
53046.40150946593,59256.25303056438,45166.67547388977,49357.3954630846,58986.79188312366,47238.20458530574,37828.15171197226,60244.94373983388,37230.79011176859,46921.76567815549,45528.90155905271,54190.329413396,55580.18561765645,51207.692895387256,63124.27337037965,54581.693130276355,66133.73148314758,29706.560776809783,64851.84009259444,42072.9557671652,54789.349655212245,41937.782181749986,69982.60979734645,56264.78862986655,51602.62361662064,76280.56818602327,50758.41614921116,66581.7690731915,61139.60377442311,45013.192332933264,73778.020349229,39480.88920500673,57305.13372426011,58069.802352966704,70969.91594212763,69255.8622899713,60428.75072394604,65757.461910988,54101.240479654465,78565.99779619812,53528.2099359428,67561.62407593061,48746.65438861453,46850.95026066013,56521.4831675227,85511.8221121138,65763.18779320753,40761.17425054483,55781.88718680693,52459.37369947491,63954.961805805324
52333.48317911395,59256.25303056438,45166.67547388977,49357.3954630846,58986.79188312366,47238.20458530574,37828.15171197226,60244.94373983388,37230.79011176859,46921.76567815549,45528.90155905271,54190.329413396,55580.18561765645,48367.73470276209,63124.27337037965,46407.144816263506,64068.60248261103,29706.560776809783,64851.84009259444,42072.9557671652,54789.349655212245,41937.782181749986,67575.96534452112,56264.78862986655,51602.62361662064,74703.27023376178,50758.41614921116,65855.9520222329,61139.60377442311,45013.192332933264,70209.62694092441,39480.88920500673,53847.9933699163,58069.802352966704,70969.91594212763,66257.26396807224,54993.90174246439,64527.65417111614,54101.240479654465,78565.99779619812,53528.2099359428,67561.62407593061,48746.65438861453,43802.31374410282,54660.79073959781,78734.73366216375,63946.08394998025,40761.17425054483,55781.88718680693,52459.37369947491,63954.961805805324
51850.2312850478,59256.25303056438,43642.97177829085,43766.158605283315,48392.18224076889,47238.20458530574,37828.15171197226,60002.58882691825,37230.79011176859,39266.91145613016,44860.27013803906,54097.58179374751,55580.18561765645,45162.32780593604,63124.27337037965,46407.144816263506,64068.60248261103,29706.560776809783,64851.84009259444,42072.9557671652,54789.349655212245,41937.782181749986,66881.75762343741,55306.16426294955,51602.62361662064,71366.30584096056,50758.41614921116,64552.218141424026,59483.18631566153,45013.192332933264,70209.62694092441,34328.90105917785,53847.9933699163,54120.707143323736,65082.60084560206,65393.29385854981,41704.74022300711,64527.65417111614,54101.240479654465,78565.99779619812,53528.2099359428,67561.62407593061,48746.65438861453,43802.31374410282,54660.79073959781,78734.73366216375,56246.38635625569,40761.17425054483,55781.88718680693,52459.37369947491,63954.961805805324
51850.2312850478,59256.25303056438,43642.97177829085,43766.158605283315,47220.76249455773,47129.393113428785,37828.15171197226,59527.231004172805,37230.79011176859,39266.91145613016,44860.27013803906,54097.58179374751,53083.81905024058,45162.32780593604,63124.27337037965,46407.144816263506,60716.43820536007,29706.560776809783,64851.84009259444,42072.9557671652,52729.98202834024,40482.080098070284,64210.30416666982,55306.16426294955,51602.62361662064,71366.30584096056,42931.92917854506,64552.218141424026,59483.18631566153,45013.192332933264,70209.62694092441,34328.90105917785,53847.9933699163,54120.707143323736,65082.60084560206,65393.29385854981,41704.74022300711,62683.33607152738,52930.11683062014,78565.99779619812,53528.2099359428,60114.852219107466,45385.90301921575,43009.62485075854,54660.79073959781,78734.73366216375,51169.64092567492,40761.17425054483,55781.88718680693,46770.948489205744,59199.097183807266
49794.90750022856,57397.71744772056,41657.54283908634,43766.158605283315,47220.76249455773,41276.269548262426,37828.15171197226,59527.231004172805,37230.79011176859,39266.91145613016,39895.61108851586,52700.23918697656,53083.81905024058,45162.32780593604,63124.27337037965,46407.144816263506,56327.97906333668,29706.560776809783,64851.84009259444,38585.3077426669,52729.98202834024,40482.080098070284,64210.30416666982,53777.832433629796,45084.010508350846,71366.30584096056,42931.92917854506,63468.2225530866,51064.34836815624,45013.192332933264,70209.62694092441,34328.90105917785,52316.80486032368,54120.707143323736,58604.76691408953,65393.29385854981,41704.74022300711,62683.33607152738,52930.11683062014,78565.99779619812,53522.574270752724,58016.74630090786,45385.90301921575,39205.95291738881,53269.720099568774,78734.73366216375,51169.64092567492,38624.2535317887,52869.156780614,46770.948489205744,59199.097183807266
46059.999020864154,56568.103697040904,41657.54283908634,43766.158605283315,47220.76249455773,41276.269548262426,37203.643810789064,57449.8273155079,37230.79011176859,39266.91145613016,39895.61108851586,49266.80173380645,53083.81905024058,45162.32780593604,62076.42833046383,46407.144816263506,56327.97906333668,29706.560776809783,64851.84009259444,38585.3077426669,42965.1860305802,40482.080098070284,64210.30416666982,52061.983695354706,45084.010508350846,71366.30584096056,42931.92917854506,63468.2225530866,51064.34836815624,39449.93399159306,70209.62694092441,34328.90105917785,52316.80486032368,51452.1317216518,58604.76691408953,65393.29385854981,41704.74022300711,57248.48866664535,52930.11683062014,78565.99779619812,53522.574270752724,48307.66663509152,45385.90301921575,39205.95291738881,49179.299223269496,78734.73366216375,51169.64092567492,38624.2535317887,52869.156780614,46770.948489205744,54284.75511307341
46059.999020864154,53672.90141972232,41657.54283908634,43766.158605283315,45815.29958675996,41276.269548262426,37203.643810789064,55421.64819076361,36578.464465507794,39266.91145613016,39895.61108851586,48200.83982939422,48788.485124797706,45162.32780593604,62076.42833046383,46407.144816263506,56327.97906333668,29392.360401000722,64851.84009259444,38585.3077426669,42965.1860305802,37890.5472023567,63071.955155526506,52061.983695354706,45084.010508350846,67898.58421067538,42420.031501586214,54716.0285268814,51064.34836815624,39449.93399159306,67208.65857087917,32848.29324313481,49646.49693464406,51267.09119860055,57143.97891736912,64654.26962246547,41704.74022300711,47115.84317050493,52011.361863847866,75382.38668806216,51196.52240088203,48307.66663509152,44701.97907058265,37446.52433541418,49179.299223269496,68635.84495869395,51169.64092567492,38186.69878951412,52869.156780614,38182.80990221142,51028.13921968964
46059.999020864154,53672.90141972232,41657.54283908634,42003.551144593446,45249.42595656572,38423.65462340223,35469.91538620118,54753.968340800115,35215.94129058435,39266.91145613016,39382.553093986855,48200.83982939422,47209.39401920564,45162.32780593604,62076.42833046383,41968.43273507965,56327.97906333668,29392.360401000722,55007.10226151439,38585.3077426669,42965.1860305802,33386.573843824175,62252.14089554051,52061.983695354706,45084.010508350846,67898.58421067538,39015.43944063957,54716.0285268814,51064.34836815624,39449.93399159306,65133.927239670316,31334.744004016968,49646.49693464406,51267.09119860055,57143.97891736912,64654.26962246547,41704.74022300711,47115.84317050493,52011.361863847866,71619.89195257564,43288.536802717164,48307.66663509152,44701.97907058265,35092.21054606531,47959.52359407579,68635.84495869395,50719.323762996035,38186.69878951412,52869.156780614,38182.80990221142,51028.13921968964
46059.999020864154,53672.90141972232,41657.54283908634,42003.551144593446,44451.01873736701,38423.65462340223,35469.91538620118,52590.803296797,35215.94129058435,36246.950329984014,39382.553093986855,48200.83982939422,47209.39401920564,45162.32780593604,58433.07932320361,41968.43273507965,56327.97906333668,29392.360401000722,55007.10226151439,38585.3077426669,42965.1860305802,33386.573843824175,60689.372700687505,52061.983695354706,40290.5048906885,67898.58421067538,39015.43944063957,53786.34420580405,51064.34836815624,38598.25757484886,65133.927239670316,31334.744004016968,49646.49693464406,51267.09119860055,57143.97891736912,63818.74413015449,41704.74022300711,47115.84317050493,52011.361863847866,71619.89195257564,43288.536802717164,48307.66663509152,44701.97907058265,35092.21054606531,47959.52359407579,68635.84495869395,50248.63513408166,38186.69878951412,52869.156780614,38182.80990221142,51028.13921968964
45503.09757662666,53672.90141972232,41657.54283908634,42003.551144593446,43246.48462316791,38423.65462340223,35469.91538620118,52590.803296797,35215.94129058435,36246.950329984014,37670.921076582905,48200.83982939422,47209.39401920564,43525.01438644383,58433.07932320361,41968.43273507965,56327.97906333668,29392.360401000722,55007.10226151439,33548.4831074696,42965.1860305802,33386.573843824175,59513.02634628907,52061.983695354706,40290.5048906885,65196.55459310593,39015.43944063957,53786.34420580405,51064.34836815624,38598.25757484886,65133.927239670316,31334.744004016968,46367.145809508685,51267.09119860055,56391.98419198037,63743.780148771104,41704.74022300711,47115.84317050493,47845.71686135775,71619.89195257564,41914.75119569467,48307.66663509152,44701.97907058265,34051.441379868666,44871.91571564081,68635.84495869395,43976.40055488646,36679.99465419348,42140.21396648366,38182.80990221142,51028.13921968964
45273.51302228258,53672.90141972232,41000.407442740994,39864.51670355322,43246.48462316791,38423.65462340223,35469.91538620118,52590.803296797,31029.352427195212,36246.950329984014,37670.921076582905,48200.83982939422,47209.39401920564,42231.464023383385,54286.71097787738,41968.43273507965,56327.97906333668,26872.013700725693,55007.10226151439,30761.68180295735,42965.1860305802,33386.573843824175,59513.02634628907,44152.01754251304,40290.5048906885,62107.863570966096,39015.43944063957,53786.34420580405,46549.67911409565,38598.25757484886,65133.927239670316,30913.664509941464,44944.636895869706,48740.11022720266,56391.98419198037,57627.2507181409,39554.52522754198,46245.435667183825,47718.77543812542,66635.639839093,40879.706018448276,47804.42523841124,44701.97907058265,34051.441379868666,44871.91571564081,68635.84495869395,43976.40055488646,36679.99465419348,42140.21396648366,36538.91337386025,51028.13921968964
42764.524653458204,53672.90141972232,39617.665419712765,39864.51670355322,43246.48462316791,36267.92887754741,35469.91538620118,52590.803296797,29636.795498382042,35584.09174811995,37077.8490956191,48200.83982939422,47209.39401920564,42231.464023383385,54286.71097787738,40117.430786001496,54229.18543308589,26872.013700725693,51976.02384253939,30761.68180295735,42965.1860305802,33386.573843824175,57606.68412052787,44152.01754251304,40290.5048906885,62107.863570966096,39015.43944063957,51431.16395210699,46549.67911409565,38598.25757484886,65133.927239670316,27682.474578516536,44944.636895869706,48740.11022720266,51167.15178979823,56565.69287495712,39554.52522754198,45031.826969664326,47718.77543812542,66635.639839093,40879.706018448276,47804.42523841124,44701.97907058265,34051.441379868666,44871.91571564081,68635.84495869395,43976.40055488646,36679.99465419348,42140.21396648366,36538.91337386025,51028.13921968964
40290.674391378285,50077.97177950202,38256.27347512944,39864.51670355322,43246.48462316791,35707.10134252406,32215.077247876194,52590.803296797,29636.795498382042,35584.09174811995,36446.09485263611,46752.58774609658,42533.762293251755,42231.464023383385,51417.18985775293,40117.430786001496,54229.18543308589,26872.013700725693,51976.02384253939,30761.68180295735,42965.1860305802,29463.628400973525,57606.68412052787,41679.70434671924,40290.5048906885,62107.863570966096,39015.43944063957,51431.16395210699,46549.67911409565,38598.25757484886,65133.927239670316,27682.474578516536,44944.636895869706,48740.11022720266,46693.75704348819,54318.970672216165,39554.52522754198,43603.864248923055,47718.77543812542,66635.639839093,40879.706018448276,47804.42523841124,44701.97907058265,33616.52481745886,44871.91571564081,68635.84495869395,43976.40055488646,36679.99465419348,42140.21396648366,32377.86148472914,51028.13921968964
36630.20550210281,48492.29840320576,38256.27347512944,39864.51670355322,38883.39639538548,33702.640219381254,32215.077247876194,51936.402385657246,26885.548193175102,35469.909087666616,36446.09485263611,46752.58774609658,42533.762293251755,36549.449725512786,48158.122392860256,40117.430786001496,54229.18543308589,26208.296427425816,51976.02384253939,30761.68180295735,42965.1860305802,29463.628400973525,56882.008568886784,41679.70434671924,39595.69126416315,62107.863570966096,39015.43944063957,51431.16395210699,46549.67911409565,35964.027568166144,65133.927239670316,27682.474578516536,44944.636895869706,45921.882145312666,46693.75704348819,54318.970672216165,38914.2511711887,43603.864248923055,47718.77543812542,61582.37498143019,40879.706018448276,47804.42523841124,44701.97907058265,33616.52481745886,43759.85440170764,68635.84495869395,43976.40055488646,30736.523812605617,42140.21396648366,32377.86148472914,49073.814401266245
36630.20550210281,48492.29840320576,34929.11061633386,38878.74762082631,38883.39639538548,30671.324613668952,32215.077247876194,47378.928790975624,26885.548193175102,35469.909087666616,34371.34772453508,46752.58774609658,42533.762293251755,36549.449725512786,47846.59306769949,40117.430786001496,52064.83888439941,24999.820359652243,51976.02384253939,30761.68180295735,39532.91581148725,27408.545114674118,55503.54074895728,41679.70434671924,39595.69126416315,61801.96308036381,37676.736413350176,49675.1035731517,44003.19769682499,34357.15669172846,61792.644186786725,27682.474578516536,44944.636895869706,42528.468428265376,46693.75704348819,49227.21861420315,38280.532228225566,41129.73410319407,46059.218630565505,61582.37498143019,40879.706018448276,47804.42523841124,44568.20715721295,33616.52481745886,42411.33595556126,59304.913857581814,43976.40055488646,30736.523812605617,41911.759727164485,32377.86148472914,49073.814401266245
36630.20550210281,46854.861327546045,34929.11061633386,36948.387357139836,37071.12388859449,30671.324613668952,32215.077247876194,44557.36517033699,26885.548193175102,35469.909087666616,34371.34772453508,46089.17720137903,42533.762293251755,36549.449725512786,47846.59306769949,39655.48834246078,49884.7148213552,24210.615766690695,51976.02384253939,30761.68180295735,39532.91581148725,27408.545114674118,55037.8752882493,41679.70434671924,39595.69126416315,58738.24781581127,37405.765942795886,49675.1035731517,44003.19769682499,31335.560184129885,61367.68866698467,27682.474578516536,42789.10048792651,40090.03019961378,46693.75704348819,49227.21861420315,37539.25214430472,39681.72797773918,46059.218630565505,61582.37498143019,40879.706018448276,47804.42523841124,44568.20715721295,33616.52481745886,42110.32140998631,59304.913857581814,42551.49645065799,29419.305841993177,40544.340481084226,32377.86148472914,49073.814401266245
36630.20550210281,46854.861327546045,34929.11061633386,35337.72247431243,37071.12388859449,29844.94944527721,32215.077247876194,44557.36517033699,25189.23400513787,32286.714688507796,32062.79770550476,44353.170623661936,42533.762293251755,36549.449725512786,47846.59306769949,39655.48834246078,46758.49130681451,24210.615766690695,51976.02384253939,30761.68180295735,39532.91581148725,27408.545114674118,49600.240001552935,40980.771299843036,39595.69126416315,58084.46772116222,37405.765942795886,49675.1035731517,42922.35547638751,31335.560184129885,50004.39237129621,27455.793930655138,42789.10048792651,36957.10047750515,46693.75704348819,48263.87983306924,37539.25214430472,39681.72797773918,46059.218630565505,61582.37498143019,40879.706018448276,47804.42523841124,44532.06880837311,33616.52481745886,37057.3544276172,59304.913857581814,42551.49645065799,29419.305841993177,40544.340481084226,31768.72084777932,49073.814401266245
33774.50873669085,46854.861327546045,33883.15893509383,35337.72247431243,37071.12388859449,29844.94944527721,30145.47520402007,44557.36517033699,25189.23400513787,32178.036218688147,32062.79770550476,43797.21236015797,38888.26114271742,30484.66987896437,47846.59306769949,38696.622947336284,46758.49130681451,24210.615766690695,51976.02384253939,30761.68180295735,39532.91581148725,27408.545114674118,49600.240001552935,40980.771299843036,39327.65025551767,58084.46772116222,37405.765942795886,48471.93600373948,42922.35547638751,31335.560184129885,50004.39237129621,26025.778098898598,42131.193265766386,36957.10047750515,41544.384996150664,48263.87983306924,37539.25214430472,39681.72797773918,40744.19317637802,61582.37498143019,40879.706018448276,47804.42523841124,42972.53252695215,33616.52481745886,37057.3544276172,53968.955976102865,42311.551013011354,29419.305841993177,40544.340481084226,31768.72084777932,49073.814401266245
32030.525419301117,46854.861327546045,33699.01237618012,33440.896695085656,37071.12388859449,29193.895849153258,30145.47520402007,44557.36517033699,25189.23400513787,32178.036218688147,31795.431092587893,43797.21236015797,38888.26114271742,30484.66987896437,47487.744941455196,38696.622947336284,46758.49130681451,22599.862796642068,51976.02384253939,30761.68180295735,39532.91581148725,20225.395497112375,49600.240001552935,40980.771299843036,38226.17531471454,58084.46772116222,37405.765942795886,45766.53201924304,42922.35547638751,31335.560184129885,50004.39237129621,20958.670172141978,36870.24964795224,36957.10047750515,41048.604420777956,48263.87983306924,36385.50108535461,39681.72797773918,40744.19317637802,59898.499698861146,35041.83371456759,47804.42523841124,41339.88122320137,32995.50368673063,37057.3544276172,53968.955976102865,42311.551013011354,29419.305841993177,40544.340481084226,31126.606090002595,49006.15764338648
32030.525419301117,46854.861327546045,33202.946987762414,29239.82135108026,37071.12388859449,27575.424246721755,28321.585588326787,40615.74415077729,22394.477963266352,32178.036218688147,29164.51887704437,43797.21236015797,38888.26114271742,30484.66987896437,41911.65462242342,35496.09609666809,45208.371665777,22599.862796642068,51976.02384253939,30761.68180295735,39532.91581148725,20225.395497112375,46418.944001756645,40980.771299843036,35846.08281223629,58084.46772116222,37405.765942795886,41257.22572785512,42922.35547638751,31335.560184129885,50004.39237129621,20958.670172141978,36870.24964795224,36074.035002665674,41048.604420777956,42763.685943489734,36385.50108535461,39681.72797773918,40507.763244349226,59898.499698861146,35041.83371456759,44264.05417912106,40212.722355602105,30196.575407408178,37057.3544276172,53126.48540227063,42311.551013011354,29419.305841993177,40544.340481084226,30071.515741041083,49006.15764338648
32030.525419301117,45698.25108837831,33202.946987762414,29239.82135108026,37071.12388859449,27575.424246721755,28321.585588326787,40615.74415077729,22394.477963266352,32178.036218688147,29164.51887704437,41650.38088301979,36609.25175765222,30484.66987896437,41911.65462242342,34091.877421920864,43647.61700616714,21497.756937323622,51976.02384253939,30761.68180295735,36116.988921366945,20225.395497112375,46418.944001756645,40980.771299843036,35846.08281223629,56009.8339146701,36314.15451476535,41257.22572785512,42922.35547638751,31335.560184129885,50004.39237129621,20958.670172141978,36870.24964795224,35648.72208997423,41048.604420777956,42763.685943489734,36385.50108535461,39681.72797773918,40507.763244349226,59898.499698861146,35041.83371456759,44264.05417912106,40212.722355602105,30196.575407408178,37057.3544276172,53126.48540227063,39909.74025913007,29419.305841993177,34668.40010999449,30071.515741041083,36295.31686541878
31519.33951967085,44076.04529552168,33202.946987762414,29239.82135108026,37071.12388859449,27131.860382344137,28321.585588326787,40615.74415077729,22394.477963266352,30918.81133489909,29164.51887704437,40109.171783007776,36609.25175765222,28741.370674149162,41911.65462242342,34090.45207909103,40894.71731820361,21497.756937323622,51976.02384253939,27500.54053872491,32971.63253072526,20225.395497112375,44387.41913136892,34014.04087989283,35846.08281223629,56009.8339146701,35517.77721897076,41257.22572785512,42173.965089379526,31335.560184129885,50004.39237129621,20958.670172141978,36870.24964795224,35648.72208997423,36769.6343108223,42763.685943489734,36312.191260066626,39681.72797773918,40427.3856232447,56053.91682182587,35041.83371456759,44264.05417912106,40212.722355602105,30196.575407408178,37052.28327694808,49204.77597379811,39909.74025913007,29419.305841993177,33474.40339928794,29422.00593880636,36295.31686541878
30199.50663197739,44076.04529552168,32441.426272644432,29114.52235391691,33640.52437623709,27131.860382344137,27419.55081710806,40615.74415077729,22394.477963266352,30918.81133489909,29164.51887704437,40109.171783007776,36609.25175765222,28741.370674149162,41734.555981206926,34090.45207909103,40894.71731820361,21497.756937323622,51976.02384253939,27500.54053872491,32971.63253072526,20225.395497112375,44146.00940605205,34014.04087989283,35846.08281223629,52838.97311682391,35517.77721897076,41257.22572785512,38580.93187987492,29901.862660901505,50004.39237129621,20958.670172141978,36870.24964795224,32889.30435446777,36769.6343108223,42763.685943489734,34155.81565007122,39681.72797773918,40427.3856232447,56053.91682182587,35041.83371456759,41400.239666441616,37975.37208786354,30196.575407408178,35064.09709456643,49204.77597379811,39000.614577382934,26358.50494337398,33474.40339928794,29422.00593880636,36295.31686541878
30104.958374794354,44076.04529552168,32116.18833357706,28086.370168724672,33640.52437623709,26636.637992619508,27419.55081710806,38447.84142681378,22298.07186796363,30704.704764690563,29164.51887704437,40109.171783007776,36053.54584008602,28741.370674149162,38101.65510094827,31909.092335775767,39668.38852319947,19753.849775722003,51976.02384253939,27500.54053872491,32971.63253072526,20225.395497112375,40695.0499422181,34014.04087989283,34852.33895130303,50131.87661572425,35503.909761776995,41257.22572785512,38580.93187987492,29901.862660901505,50004.39237129621,20958.670172141978,36413.847813215856,32889.30435446777,36769.6343108223,42560.0933795042,33714.16476104423,39058.22454304134,38922.532142040836,56053.91682182587,33930.9532114196,41400.239666441616,36104.59338785785,29938.042448898897,35064.09709456643,49204.77597379811,34829.71933094729,26358.50494337398,33474.40339928794,29422.00593880636,36295.31686541878
29748.234430654546,40695.867092902794,31782.371115443104,28086.370168724672,30142.751670116566,26554.470989409245,24584.157724243218,38447.84142681378,22123.7012595485,27980.04781465565,29164.51887704437,37616.39252387519,34218.130143821065,24176.37315423192,38101.65510094827,31909.092335775767,39668.38852319947,19753.849775722003,51976.02384253939,27500.54053872491,32971.63253072526,20225.395497112375,40695.0499422181,34014.04087989283,34852.33895130303,50131.87661572425,34461.31153016474,36661.24353124171,32583.322832646725,26052.627328883773,50004.39237129621,20196.99373665816,36413.847813215856,32889.30435446777,36769.6343108223,42541.24218170723,27363.811221125077,39058.22454304134,36113.70099630838,56053.91682182587,33930.9532114196,41400.239666441616,36104.59338785785,27623.120441420047,35064.09709456643,49204.77597379811,34829.71933094729,26358.50494337398,33474.40339928794,29422.00593880636,36295.31686541878
29437.018847599054,40695.867092902794,31782.371115443104,27133.49789053705,30142.751670116566,26554.470989409245,24584.157724243218,38447.84142681378,22012.959942262387,27286.68185617269,29164.51887704437,34811.257424461655,34218.130143821065,24176.37315423192,38101.65510094827,30868.71170761401,34963.40562223147,19753.849775722003,48600.457448485206,27051.315927865202,32971.63253072526,18391.44235160084,38851.67623997267,33361.37160350535,34852.33895130303,48989.31122513482,34342.35172906956,36661.24353124171,32583.322832646725,26052.627328883773,48735.8851315586,18662.358348854723,32786.54570698142,32889.30435446777,35030.077710981284,37100.30944789571,27363.811221125077,37184.53074843738,36113.70099630838,56053.91682182587,33930.9532114196,41400.239666441616,34385.09643784248,27623.120441420047,35064.09709456643,48014.3439965165,34829.71933094729,26358.50494337398,33474.40339928794,29368.25428281642,36295.31686541878
29437.018847599054,40509.96902371652,31039.661652203384,27133.49789053705,30142.751670116566,24663.850654847014,23369.490423007475,38447.84142681378,21664.216198171573,26752.38396979411,26067.23076365419,34811.257424461655,34218.130143821065,24176.37315423192,32582.19127977785,30868.71170761401,34963.40562223147,19753.849775722003,48600.457448485206,27051.315927865202,32971.63253072526,18391.44235160084,37254.74145857644,33361.37160350535,33293.28455019143,44874.64775499063,32457.786435458416,36005.40665588359,27118.21727707933,26052.627328883773,48735.8851315586,18413.990811718024,32786.54570698142,32889.30435446777,35030.077710981284,37100.30944789571,27363.811221125077,37184.53074843738,36113.70099630838,56053.91682182587,32334.197298135456,41400.239666441616,30951.72400236532,27623.120441420047,33020.78006922622,48014.3439965165,34021.170402685915,26311.22078793688,33474.40339928794,27447.02144660665,36295.31686541878
27671.915250375154,39971.08400849395,28816.135367524876,25077.203390357146,30142.751670116566,23283.294046713556,22601.078082310698,38447.84142681378,18463.694119957137,26482.412575190938,26067.23076365419,33686.12748743607,31148.749289223357,24176.37315423192,32582.19127977785,29267.95688538773,34963.40562223147,19753.849775722003,45625.15250788678,24406.533703963534,28738.867667608592,18391.44235160084,37254.74145857644,33361.37160350535,33293.28455019143,44874.64775499063,32457.786435458416,35299.32611488871,27118.21727707933,26052.627328883773,43617.91302048141,17737.41992351683,32786.54570698142,32812.09747999588,35030.077710981284,37100.30944789571,27363.811221125077,33264.035353371226,35779.609071510036,55951.023874436,30408.234504724576,41236.98818616122,30951.72400236532,27623.120441420047,33020.78006922622,46719.1059399625,34021.170402685915,24239.48683715216,33224.48944254166,27447.02144660665,36295.31686541878
26226.540583864138,39971.08400849395,26782.78672221854,24783.79256603815,30142.751670116566,22454.5413404327,22601.078082310698,36523.862360026265,18463.694119957137,25974.618483962804,25067.401083697307,33686.12748743607,31148.749289223357,24176.37315423192,32582.19127977785,27395.22050742304,33410.2862583159,18708.84054775796,45625.15250788678,24406.533703963534,28738.867667608592,18391.44235160084,35883.75217842104,33361.37160350535,33293.28455019143,42857.42565270724,30761.54454869109,34300.46949671963,27118.21727707933,26052.627328883773,43617.91302048141,17737.41992351683,32786.54570698142,29771.8091609159,35030.077710981284,37100.30944789571,21530.809224969267,33264.035353371226,33488.95550518361,55104.73396687052,30408.234504724576,41236.98818616122,30951.72400236532,27623.120441420047,33020.78006922622,46719.1059399625,34021.170402685915,24239.48683715216,33224.48944254166,26428.373349351055,36295.31686541878
25847.071625068154,36700.04237551707,26782.78672221854,24741.559372087733,29184.56285923233,22454.5413404327,22601.078082310698,36523.862360026265,18463.694119957137,24689.484252709524,23928.228380659646,33555.04085812631,28946.333240349442,23010.43751803698,32582.19127977785,27395.22050742304,33410.2862583159,18708.84054775796,45625.15250788678,24406.533703963534,28738.867667608592,18391.44235160084,35035.16688002713,33361.37160350535,33293.28455019143,42857.42565270724,28064.295738885925,34300.46949671963,27118.21727707933,23992.247644531646,43617.91302048141,16932.794566086177,32786.54570698142,29627.212486128406,31381.100229321513,37100.30944789571,21530.809224969267,29654.415268082663,33488.95550518361,52749.58146441638,30408.234504724576,40736.69134558355,30951.72400236532,25798.50510855488,30090.989216222886,46719.1059399625,34021.170402685915,24239.48683715216,33013.167520584895,26428.373349351055,36295.31686541878
25847.071625068154,36700.04237551707,26373.074573184516,21866.640739543636,29184.56285923233,22454.5413404327,22601.078082310698,34983.09562638309,18463.694119957137,24608.73600125081,23928.228380659646,33176.65503872734,28946.333240349442,23010.43751803698,32582.19127977785,27395.22050742304,30988.163558966855,18708.84054775796,45457.066414328656,24406.533703963534,28738.867667608592,18391.44235160084,35035.16688002713,33361.37160350535,33293.28455019143,40398.05168082149,27220.905011152056,34055.766470990195,27118.21727707933,23992.247644531646,43617.91302048141,16470.978886014345,32786.54570698142,29566.606205108503,31381.100229321513,37100.30944789571,21530.809224969267,29654.415268082663,32759.566020886177,52749.58146441638,28069.360901163192,37674.51447350169,30586.739183672988,25168.653033307535,29893.286642897878,46719.1059399625,32630.11444477898,24239.48683715216,32763.894983840553,26428.373349351055,36295.31686541878
25833.35264879747,35568.22562381022,24810.419497378985,21866.640739543636,27187.66686342733,20131.453732650556,21426.38790383602,32423.230372253405,16456.60835095443,23550.303908137605,23928.228380659646,32371.88955370179,28011.05369698036,23010.43751803698,29864.747960716897,27395.22050742304,30042.85690779387,17834.936040614895,45457.066414328656,23000.471964742494,28738.867667608592,18391.44235160084,35035.16688002713,33361.37160350535,30788.60725521694,38430.50910204416,27220.905011152056,34055.766470990195,27118.21727707933,23992.247644531646,43617.91302048141,14055.102309948701,32786.54570698142,28822.58472242985,30516.613448283824,35607.60705513546,21530.809224969267,29654.415268082663,29049.293083273104,47220.84180323574,26347.182986847416,37131.18212012747,30586.739183672988,25168.653033307535,29893.286642897878,46719.1059399625,32630.11444477898,24239.48683715216,30523.828596332805,26428.373349351055,36295.31686541878
22875.14372511725,35039.142422833786,22989.566759819085,21866.640739543636,27187.66686342733,19425.47761661894,21260.860950111357,32423.230372253405,16456.60835095443,21562.69727257928,23159.418507562663,30734.3604328323,28011.05369698036,23010.43751803698,29864.747960716897,26892.31941778864,30042.85690779387,15476.148943748129,45457.066414328656,23000.471964742494,27539.081530259424,17022.64284375378,35035.16688002713,32213.248313962962,30788.60725521694,38430.50910204416,26801.665047525734,33619.19137560861,27118.21727707933,23992.247644531646,41926.085707643055,14055.102309948701,31869.088700145243,28822.58472242985,30516.613448283824,35607.60705513546,21530.809224969267,29654.415268082663,29049.293083273104,47220.84180323574,26061.634565968365,36591.56307821314,30220.71598042486,25168.653033307535,29889.85446930528,46719.1059399625,31465.090915916222,22906.506903918435,30523.828596332805,25929.21864199571,36295.31686541878
22063.77933531637,35039.142422833786,20484.400327876378,21771.063971181535,27187.66686342733,19425.47761661894,21260.860950111357,32423.230372253405,16456.60835095443,20372.46793443685,22787.06528495519,30612.79250649352,27479.37010600557,21822.10073776049,29864.747960716897,26892.31941778864,29696.050241633096,15476.148943748129,45457.066414328656,23000.471964742494,27105.281553544934,17022.64284375378,33520.77540374856,32213.248313962962,29729.498659518136,38430.50910204416,26575.790963816336,33619.19137560861,27118.21727707933,23992.247644531646,41926.085707643055,14055.102309948701,31869.088700145243,28822.58472242985,29536.734695129275,35607.60705513546,21530.809224969267,28030.271477938088,29049.293083273104,47220.84180323574,26061.634565968365,36591.56307821314,30220.71598042486,25168.653033307535,27650.76566861347,44833.77442791866,31465.090915916222,22906.506903918435,28382.09086376061,23976.112271958267,35559.94013643891
22063.77933531637,34804.06906325046,20484.400327876378,21424.744777544263,25361.02093815213,19425.47761661894,20840.49877660401,32423.230372253405,15685.980782714332,20372.46793443685,22362.674170615886,29896.884823253487,25196.408387429736,21606.513415148096,29864.747960716897,26892.31941778864,29696.050241633096,15476.148943748129,43858.21889938919,23000.471964742494,27105.281553544934,17022.64284375378,30276.5303400601,32213.248313962962,29729.498659518136,38430.50910204416,26190.505810764935,33619.19137560861,23861.270820237678,23992.247644531646,41926.085707643055,14055.102309948701,31040.989539869184,24738.281020028677,29536.734695129275,35285.0967062886,21530.809224969267,27467.36076939544,28916.48503887087,45142.561438051016,25844.825971231694,33597.80527366347,30220.71598042486,23516.356369101228,27650.76566861347,44833.77442791866,31465.090915916222,22906.506903918435,28382.09086376061,23976.112271958267,35559.94013643891
22063.77933531637,34804.06906325046,20484.400327876378,20018.910740055377,25361.02093815213,19425.47761661894,19752.72094847971,32190.897397234065,15685.980782714332,19878.905422494314,22082.689054819308,29688.170641412235,24755.299065227904,21606.513415148096,29498.260864436303,25727.603779587807,28122.0424144882,15476.148943748129,40865.53612810698,23000.471964742494,26345.672542575096,17022.64284375378,30276.5303400601,31911.029040801564,29529.845489628628,36971.5572676745,24980.159393148057,30331.736233969415,21886.050191472947,22470.826885317925,41926.085707643055,14055.102309948701,31040.989539869184,24738.281020028677,29536.734695129275,33524.85922517806,21530.809224969267,27467.36076939544,27650.826462114852,45142.561438051016,25844.825971231694,33597.80527366347,27433.37393945469,21791.78004603987,27650.76566861347,44833.77442791866,29626.44859479123,22906.506903918435,28382.09086376061,23976.112271958267,32040.814016315893
20288.81060688473,33188.512096341234,20484.400327876378,20018.910740055377,25361.02093815213,19385.287783697502,19752.72094847971,31436.659598393133,14405.878229466163,19878.905422494314,22082.689054819308,29688.170641412235,24065.66343355928,21606.513415148096,29498.260864436303,25727.603779587807,28089.102862788484,15476.148943748129,40865.53612810698,18899.084117058042,24044.699444695005,16863.828943747252,29297.28706619268,28142.42326506201,29379.571147194943,35988.45992747989,24980.159393148057,30140.2756066387,21886.050191472947,22470.826885317925,41926.085707643055,14055.102309948701,28395.050057904813,24738.281020028677,27678.856944046747,31711.923828392617,21530.809224969267,27099.601914892002,27650.826462114852,45142.561438051016,25357.1202680162,31886.65126615883,27433.37393945469,21791.78004603987,27604.5017170432,44833.77442791866,29626.44859479123,22396.4142097546,27951.08754929794,23630.27066023707,30503.84628734302
20257.222835986366,33188.512096341234,20178.209035079937,19682.357644113355,25361.02093815213,19385.287783697502,19664.485176578833,28053.884980070576,14279.622960325005,19878.905422494314,22082.689054819308,28404.933515411718,22586.51356448918,21606.513415148096,29498.260864436303,24588.337633131807,28089.102862788484,14313.640469630594,37854.51145063746,18899.084117058042,24044.699444695005,16550.894471300096,28914.375065023734,27216.495718827813,27765.65570702009,35988.45992747989,23764.957156735753,29779.00642981297,21886.050191472947,21421.401622466994,38615.652354435755,13867.924178374396,28395.050057904813,24738.281020028677,27678.856944046747,29788.900650510714,18776.73781541438,27099.601914892002,27650.826462114852,44627.110130444285,25357.1202680162,31886.65126615883,27324.915809271275,21791.78004603987,26227.00496613656,44833.77442791866,29199.857628614318,20906.074319470128,27902.95168103204,23630.27066023707,30503.84628734302
19815.439890316546,33188.512096341234,18970.57814206307,19682.357644113355,23965.26503903842,17110.2942254722,17431.777501475273,28053.884980070576,14046.851477745135,18887.445736550577,20519.6361426474,28355.706983661894,22586.51356448918,21606.513415148096,29498.260864436303,23186.69449008508,27242.17595406871,14072.947521654754,37521.37765450998,18879.782350539004,23413.54878360054,14358.53226309058,28581.164764872145,27216.495718827813,26117.434433693143,35988.45992747989,23764.957156735753,29418.466729893105,21886.050191472947,21421.401622466994,38308.093299409025,13867.924178374396,28395.050057904813,24738.281020028677,27678.856944046747,27058.904967640105,18776.73781541438,27099.601914892002,25821.226103055047,42705.61968471729,23637.02529640572,31886.65126615883,26230.607289519863,21791.78004603987,26227.00496613656,41132.185102351,28098.076065169284,19966.898621157226,27408.642482290466,22028.14015780576,29525.86008645765
18176.677039068796,31530.07633893468,18919.44970993799,19128.943944789702,23777.96685833447,17110.2942254722,17431.777501475273,28053.884980070576,14046.851477745135,18887.445736550577,19514.609957031815,26781.45819840509,22586.51356448918,21255.084288700098,29498.260864436303,23186.69449008508,27242.17595406871,14072.947521654754,37521.37765450998,16784.512385158898,21785.78915465106,14358.53226309058,27464.674714261833,23992.88845023964,26117.434433693143,35988.45992747989,22910.098305102063,28306.783075366304,21886.050191472947,21421.401622466994,38143.40856218528,12859.722924674832,28395.050057904813,23881.931894240475,27678.856944046747,27058.904967640105,18776.73781541438,25700.461932516646,25821.226103055047,42623.315415897,23098.692741437193,31886.65126615883,25345.25898309734,20828.29083549082,25560.374714760568,41132.185102351,27159.776261055376,19966.898621157226,27408.642482290466,22028.14015780576,26225.370359903605
18176.677039068796,29540.59693990319,18919.44970993799,18659.185074397294,23777.96685833447,17110.2942254722,17431.777501475273,28053.884980070576,13003.236528281506,17940.513005211662,19494.10849003249,26781.45819840509,22586.51356448918,21210.14528706386,29482.37740310558,19517.2840508763,26096.123116602135,13233.787039211727,32302.98378872147,16784.512385158898,20535.206675047695,14060.443400195276,25079.455986492754,23992.88845023964,26117.434433693143,35946.8225216342,21517.279094925812,26019.484330919448,21886.050191472947,21304.11604760022,37357.93486992144,12859.722924674832,28395.050057904813,23116.3023787886,26903.091109527482,27058.904967640105,16539.472717378878,24371.86836771719,25821.226103055047,42556.49810719099,22801.532490845373,31886.65126615883,23788.241466366846,20828.29083549082,24503.80255031178,40919.04688748131,24739.52631944601,19898.986834544736,26073.241770375025,22028.14015780576,26225.370359903605
17359.49309066003,29540.59693990319,18919.44970993799,18586.624357129665,22484.396556445725,17110.2942254722,17431.777501475273,28053.884980070576,13003.236528281506,16382.639398859246,19494.10849003249,26317.28777906407,22034.69059256165,20297.831052471312,29482.37740310558,19517.2840508763,26096.123116602135,13233.787039211727,32302.98378872147,16784.512385158898,19797.208368693937,14060.443400195276,25079.455986492754,23992.88845023964,26117.434433693143,35946.8225216342,21517.279094925812,26019.484330919448,21886.050191472947,20399.211833164212,34986.65616025669,12372.864005056277,26355.082020856305,22467.16674964845,26903.091109527482,27058.904967640105,15243.689575920653,24371.86836771719,24118.904717452257,40225.16974591277,21181.482270588982,31854.11678423767,22899.46718434873,20737.883579931247,23499.68410035641,40919.04688748131,24739.52631944601,19425.52254841741,25756.114741078,22028.14015780576,26225.370359903605
16168.812067409504,29241.67811502276,18919.44970993799,17376.61001600569,22484.396556445725,16075.262100884802,17022.05498856051,25971.741890589903,12331.564921570358,16382.639398859246,19155.554656004904,26317.28777906407,22034.69059256165,20297.831052471312,27143.02567272403,19517.2840508763,25205.769197559075,12080.87736689535,32302.98378872147,16053.603769743395,19797.208368693937,13667.106529865901,24618.80090571648,23992.88845023964,26117.434433693143,34422.03355402559,20977.4399218529,25458.789643939504,20519.701103905172,18628.828810633397,34664.24847868278,12372.864005056277,26355.082020856305,22467.16674964845,24972.320204608204,27058.904967640105,15243.689575920653,24371.86836771719,23173.654873522457,39209.88545353219,20252.831825694833,28502.063764875056,22899.46718434873,20211.812118021866,23499.68410035641,37039.20023450789,24739.52631944601,19425.52254841741,23510.951224773697,22028.14015780576,26225.370359903605
15836.453462758447,27563.597162646016,18250.60862496687,16450.65858577237,21120.811747370444,16075.262100884802,16537.64994538835,25971.741890589903,12227.580034730137,16382.639398859246,18274.70326069394,24709.577865223902,19083.248483528765,19364.278994432923,27143.02567272403,19517.2840508763,23121.761623053753,12080.87736689535,32302.98378872147,13531.547918816279,19797.208368693937,13667.106529865901,24315.493286617853,23865.69562843939,25507.235713882845,31956.905192004524,20977.4399218529,25458.789643939504,20519.701103905172,17243.068684088026,31092.659219482175,12257.682444110958,26198.551535852355,21680.996688484614,24445.23520840242,26726.111066726728,15243.689575920653,24371.86836771719,22065.545112291547,39209.88545353219,20252.831825694833,28502.063764875056,22893.624088315475,17955.145604006364,23309.947287547286,37039.20023450789,22036.332702122345,15339.892456595997,23510.951224773697,22028.14015780576,25545.017416180417
15836.453462758447,27563.597162646016,16995.00899494214,15245.145723504605,21120.811747370444,15382.736312631328,16537.64994538835,25971.741890589903,11379.130979182852,14728.29182155731,17778.67389597512,24709.577865223902,16824.75645674817,17683.084550919928,27143.02567272403,17909.146724612398,23121.761623053753,11573.05348179875,32302.98378872147,13531.547918816279,18127.436646679922,13408.774449881805,23168.35848419128,23865.69562843939,24095.964126574752,30779.564322471255,20062.26797709642,25458.789643939504,19372.536775285233,17243.068684088026,30093.07924584348,12175.561386714082,24853.327078829294,21616.33633084204,24445.23520840242,26726.111066726728,15243.689575920653,24095.65119358386,22065.545112291547,35719.042954718614,20184.387244721012,28502.063764875056,21704.304480082705,17955.145604006364,23309.947287547286,35271.3691961007,22036.332702122345,15022.39213931328,22743.926254536178,21360.140605291217,25545.017416180417
15836.453462758447,25833.44963673765,15736.99025467195,15245.145723504605,21120.811747370444,14786.530383439644,16467.14327217976,25971.741890589903,11379.130979182852,14728.29182155731,17778.67389597512,24384.696751529344,16824.75645674817,15969.678389850334,26121.102343800612,17909.146724612398,22241.405397210117,11573.05348179875,32302.98378872147,13531.547918816279,18127.436646679922,12471.521657647003,23168.35848419128,23640.647608438878,22287.622075346993,29941.6243418825,20062.26797709642,24497.315915501804,18063.0052058207,16882.030703694214,30093.07924584348,12005.497057006816,24853.327078829294,21616.33633084204,22120.14318449471,25205.219105512973,15243.689575920653,23382.308607116414,19712.419396548434,35587.97425270051,18662.709695203175,28502.063764875056,20917.881127948327,17955.145604006364,20673.69846074068,34738.8987194313,22036.332702122345,15022.39213931328,20604.137648728065,19602.465723801633,20533.609727691404
15836.453462758447,25833.44963673765,15436.712940714147,14448.726233545622,21120.811747370444,14142.345735055344,15733.206722489369,25971.741890589903,11379.130979182852,14728.29182155731,17012.269508750036,23016.004294033017,16177.70126831194,15969.678389850334,25874.736076682653,17439.662023135366,22241.405397210117,11125.062584969277,32302.98378872147,13531.547918816279,18127.436646679922,12471.521657647003,22263.73279725774,23478.83387642946,22287.622075346993,29674.363061365002,18690.023911246604,24219.399794700992,18063.0052058207,16882.030703694214,30034.899832921346,10784.042508214014,22895.599538448605,21295.98226476981,22120.14318449471,25205.219105512973,14785.095184018943,22994.82375433502,19712.419396548434,33672.02103861051,18662.709695203175,28502.063764875056,19667.315130139646,17446.643116538526,20309.2107707149,33192.249112103724,22036.332702122345,15022.39213931328,20604.137648728065,18337.166915613674,20533.609727691404
14802.822481410747,25278.33007734681,15436.712940714147,14448.726233545622,21120.811747370444,12658.240745009203,15733.206722489369,24675.280098526822,10106.621001471052,14728.29182155731,17012.269508750036,22311.65651816487,14307.891007061318,15969.678389850334,24361.426015259323,17439.662023135366,21094.10848192898,11125.062584969277,29624.410698644806,13531.547918816279,18127.436646679922,11708.668088999852,22263.73279725774,22339.307025575086,21703.880616371152,29674.363061365002,17630.630343075227,23243.608645119308,18063.0052058207,16861.17802089305,28952.581234392404,10784.042508214014,22895.599538448605,19417.10978740246,21820.875798825662,22254.209421885782,14602.04991049392,21114.88337799241,19024.33112710983,32837.131115138895,18088.631783578745,28502.063764875056,19464.531634361694,15470.389896240336,20309.2107707149,33192.249112103724,21784.407989080926,15022.39213931328,19124.962305779845,18337.166915613674,20533.609727691404
14540.493130734667,24019.10366458367,14175.52547877021,14448.726233545622,21120.811747370444,12020.511178884846,14776.846703866795,24675.280098526822,10106.621001471052,14728.29182155731,16378.67795895443,20060.3035392478,14307.891007061318,15969.678389850334,23693.874580052096,16542.9703846037,21094.10848192898,10680.679553342987,29624.410698644806,12893.075577714962,18127.436646679922,11123.862212075703,21431.17060964857,21683.272831823837,20759.222793364454,29674.363061365002,17630.630343075227,23243.608645119308,18063.0052058207,16861.17802089305,28952.581234392404,10784.042508214014,22895.599538448605,19417.10978740246,21427.44021445829,18608.86732138514,14602.04991049392,21114.88337799241,18820.762698323782,31208.41397418257,17217.485097233155,26727.50807071914,19464.531634361694,15470.389896240336,20309.2107707149,33192.249112103724,20986.263119939693,14828.129475557078,18853.603520524488,18289.090031530744,20533.609727691404
14540.493130734667,22208.830866847413,14037.747506818314,14448.726233545622,21120.811747370444,12020.511178884846,14776.846703866795,23016.354667031148,10106.621001471052,14319.80933031852,16378.67795895443,20060.3035392478,13675.7213027879,15969.678389850334,22482.513574827793,16542.9703846037,21094.10848192898,10064.226402692371,29624.410698644806,12893.075577714962,17381.119392665853,11123.862212075703,20436.707830116913,21022.75350976673,18791.51025451877,29634.752091273433,17630.630343075227,23243.608645119308,16710.016974192637,13753.42883997378,27306.20979659948,10335.715437687062,21982.55581832776,19203.587927944172,20498.237563683277,18608.86732138514,14488.983620724526,20386.8842788223,18820.762698323782,28554.177256149233,17002.075305142585,26727.50807071914,18767.656502123515,14969.326444914006,20309.2107707149,32685.658022045696,19591.977106213664,14828.129475557078,18853.603520524488,18289.090031530744,20533.609727691404
14245.458255089827,21747.95976529128,13487.22221331114,14385.124382782857,21120.811747370444,12020.511178884846,14776.846703866795,23016.354667031148,10106.621001471052,14319.80933031852,16378.67795895443,20060.3035392478,13675.7213027879,13830.099023333227,22482.513574827793,16542.9703846037,20548.452809521983,9111.542969220534,29624.410698644806,12893.075577714962,16826.280867082707,11123.862212075703,18990.7229485013,18074.53257125513,18791.51025451877,28328.33984578212,17484.40293884894,23196.363797384674,16710.016974192637,13753.42883997378,27306.20979659948,10301.861816237084,21429.828958899052,19203.587927944172,20498.237563683277,18608.86732138514,13299.421792122135,19867.840654372016,18820.762698323782,28554.177256149233,14276.113316899055,26727.50807071914,17719.987721296136,14969.326444914006,20309.2107707149,32685.658022045696,19591.977106213664,14828.129475557078,18853.603520524488,18289.090031530744,20072.290333134275
14245.458255089827,20801.269499341786,13075.80780244748,12852.484141175813,20620.867526332062,12020.511178884846,14574.625728805515,22257.50127597784,9748.938776853925,13586.670121361283,16280.24365993482,19129.78699273647,13333.243328518482,13830.099023333227,20702.70278456935,15622.438228598481,20469.236179980853,9111.542969220534,29624.410698644806,12893.075577714962,16004.703340723965,10606.372344395952,17537.405684983067,18074.53257125513,18791.51025451877,27735.08333791376,17484.40293884894,22799.068809061755,16710.016974192637,13453.587413390806,27306.20979659948,9388.639913877889,20308.157905202817,19203.587927944172,18543.75217052035,18608.86732138514,13299.421792122135,19867.840654372016,18645.266448522158,27949.210276861242,14276.113316899055,26727.50807071914,17035.270568321317,14624.15537177006,20309.2107707149,31160.3414178934,19458.316714339308,14223.210061667083,18853.603520524488,16915.310118014175,20072.290333134275
13471.99506517074,20292.34802774978,13075.80780244748,12852.484141175813,19676.157600601564,11264.969666683137,14049.337372807664,22248.251077033103,9344.981376687512,13586.670121361283,15067.92277344535,19129.78699273647,13045.897501307623,13432.013502357824,20702.70278456935,15085.479976926528,20187.605614133197,9111.542969220534,29624.410698644806,12893.075577714962,16004.703340723965,9397.170546615043,17537.405684983067,18074.53257125513,18574.97461117988,27730.52240679853,17180.073666360855,22378.046959798114,16710.016974192637,13038.970413259003,26153.18553714143,9388.639913877889,20023.785770233208,18260.60655440677,17357.447348710833,18608.86732138514,13299.421792122135,19115.01448367986,16935.03180430067,27126.929676979642,13772.28984897005,24342.68540063734,16196.645684847479,14158.830220998107,19310.477681509346,31160.3414178934,19458.316714339308,13911.05108036745,18572.14410837276,16915.310118014175,20072.290333134275
13066.783467431735,20292.34802774978,11750.773739135517,12852.484141175813,19222.676796965978,11177.845177923491,13756.372622083496,20615.405765207197,9286.690272577984,12944.093400580547,15067.92277344535,19092.136036972282,11638.267237807271,13432.013502357824,20702.70278456935,15085.479976926528,19279.907101042845,9111.542969220534,25864.405506520965,12893.075577714962,16004.703340723965,9334.169130204033,16117.275627815301,18074.53257125513,18199.20885786988,26116.333461534567,16738.53633453249,21591.706855259054,16710.016974192637,13038.970413259003,25978.86003000189,9307.019943341656,19647.557929287792,16447.416849558962,17357.447348710833,18608.86732138514,12726.467302469617,19115.01448367986,16935.03180430067,26239.134433083236,13772.28984897005,23623.409218907953,16196.645684847479,13799.250273590376,19302.707994093093,29348.039018194486,19458.316714339308,13298.556797279542,18128.019179786213,16915.310118014175,20072.290333134275
12792.554051828567,19488.235124619907,11750.773739135517,12693.8220638716,18200.778110026753,10101.569987421843,13628.196833000466,20039.481112346624,8935.21727673101,12944.093400580547,14781.7803667082,19092.136036972282,11638.267237807271,13432.013502357824,20702.70278456935,14360.974040459718,19134.3290176447,8465.144271521127,24882.870243739795,12893.075577714962,14674.049160253067,9334.169130204033,16117.275627815301,17786.588377187534,18199.20885786988,23409.80596107384,16222.372736527495,21542.407008939175,16710.016974192637,13038.970413259003,25978.86003000189,8641.335768905974,19647.557929287792,16447.416849558962,17357.447348710833,17946.15170400971,11891.74072742226,17490.062680067917,15691.73843281807,26239.134433083236,13772.28984897005,23623.409218907953,14996.38362084051,13799.250273590376,19302.707994093093,29128.554725918788,18930.885795782957,13298.556797279542,18128.019179786213,16915.310118014175,18211.275137193064
12671.982663788209,18781.5544604147,11750.773739135517,12693.8220638716,17948.393557016458,10101.569987421843,11895.183346830549,19665.587975039794,8935.21727673101,12711.517561420067,14543.24647008799,18054.685474966816,11638.267237807271,12919.984200994119,20019.777364519334,13942.244428999727,17846.731705496713,8032.991889879,24882.870243739795,11955.34592592517,14188.862634264806,8956.822579837512,15869.688812583358,16827.630138537992,16811.86879368587,23409.80596107384,14687.217936192872,21542.407008939175,16710.016974192637,13038.970413259003,23461.110031222695,8610.830960958123,19612.93622642308,16167.166716423519,17357.447348710833,17333.270035454887,11308.592770831183,17490.062680067917,15691.73843281807,24721.894711782323,13772.28984897005,23623.409218907953,14996.38362084051,13479.819803024922,17913.535469310595,26967.662573986127,18486.064610323407,13152.284781795513,15634.880268736471,16863.648006268442,16986.678930748658
11952.32907104332,18781.5544604147,11750.773739135517,12355.071582330074,17930.957776534236,10101.569987421843,11895.183346830549,19279.80594777533,8935.21727673101,12517.800535204482,14057.971255053215,16410.960673084803,10894.043379797411,12165.598716310229,20019.777364519334,13043.806225716347,17713.53761912317,8032.991889879,24882.870243739795,11603.322442029448,14188.862634264806,8422.984568217627,15523.025465576146,16827.630138537992,16811.86879368587,23409.80596107384,14687.217936192872,20437.730100276003,16710.016974192637,12829.428543750138,23461.110031222695,8610.830960958123,18832.372133454523,15284.527313702292,16435.80659967738,17333.270035454887,11308.592770831183,16453.597525360245,15188.687609124872,24721.894711782323,12983.66501188106,23623.409218907953,14996.38362084051,13289.554559445076,17544.71460588789,26967.662573986127,18190.512360897064,13152.284781795513,14881.317586944522,16407.10042598281,16986.678930748658
11952.32907104332,17972.113976522553,10364.506879335828,12333.305958760113,17365.2100984287,9524.236941396803,11683.846219396719,17700.382748037406,8891.618333074477,12063.183743810574,12009.294318754724,16410.960673084803,10694.060699848691,11616.06664412047,18874.724025192678,12520.720506632128,17713.53761912317,8032.991889879,20027.492825605364,11603.322442029448,14188.862634264806,7938.754734401106,15003.346715847136,16388.33225616158,16471.50848521629,20054.852105028356,14687.217936192872,20437.730100276003,16710.016974192637,12829.428543750138,23461.110031222695,8387.551293657963,18062.73135965655,15284.527313702292,15535.886718803566,15748.269254606046,10530.96617642246,16402.7076919756,15188.687609124872,23501.01523176291,12750.328700418268,23621.59037206798,14996.38362084051,12386.313397600348,15956.302710886912,25688.377573131365,17962.567852253043,12639.395886726239,14881.317586944522,16124.83455124686,16808.627669430458
11270.894657294479,16865.49567437385,9416.810086023399,12333.305958760113,16464.403605700885,9524.236941396803,11683.846219396719,17700.382748037406,8891.618333074477,12063.183743810574,12009.294318754724,15855.867318612241,10694.060699848691,10846.15134191915,17204.65564001238,12463.719655728062,16888.842885268656,7911.557054265138,20027.492825605364,11603.322442029448,12873.494481174524,7938.754734401106,13935.236133712213,15888.981234767425,15906.406574827795,20054.852105028356,14653.157294511571,20437.730100276003,16710.016974192637,12829.428543750138,23233.192588519098,8254.857117625665,18062.73135965655,15219.365683034543,15535.886718803566,15748.269254606046,10487.093386620023,15686.058255878852,14685.769202863066,21964.875742739965,12750.328700418268,22484.21846212041,14996.38362084051,12386.313397600348,15223.309759701047,25688.377573131365,17962.567852253043,12142.487065772326,14881.317586944522,16124.83455124686,16785.48602312566
10211.966497132127,15402.449980065387,9416.810086023399,11868.14871057712,16464.403605700885,9524.236941396803,11337.21918274146,17683.11335655782,8722.001672250308,12063.183743810574,12009.294318754724,15855.867318612241,10058.413043092281,10100.039774515233,16864.684828567166,12463.719655728062,16825.97402937305,7541.15160657084,20027.492825605364,10938.813503021769,12814.133178921582,7938.754734401106,13821.08884450487,14889.505811359886,15364.817885564122,20054.852105028356,14198.436351626715,19803.94332381664,13976.31812639638,12131.06857585232,23233.192588519098,7733.257159728222,17703.99788522122,14544.34450172668,15535.886718803566,14811.206482202326,10053.283515668598,15025.345251033401,14264.60776665893,21964.875742739965,12750.328700418268,22484.21846212041,13869.807275781057,11882.922685322595,15223.309759701047,25663.787304872993,17218.38278839567,12002.865524859202,14881.317586944522,15639.157694644771,16450.556174961093
9965.112916409382,15402.449980065387,9416.810086023399,11868.14871057712,16464.403605700885,8793.895904763169,10910.717813433124,17338.07807139349,8135.294097837013,12063.183743810574,11332.267918210426,15082.69207291505,9766.817252540057,10100.039774515233,16864.684828567166,12463.719655728062,16173.582424535558,7443.802782811544,20027.492825605364,10835.822479927006,11775.749826964446,7883.286637721846,13161.344002766102,14889.505811359886,14272.819430124871,20054.852105028356,14198.436351626715,19687.819639224686,13976.31812639638,12131.06857585232,21367.20569887278,7339.5869981583255,17174.551872682223,14270.577013004153,14964.709745872413,14811.206482202326,9693.954385167883,14795.179362080402,13873.247761657305,21964.875742739965,12750.328700418268,22187.292453279984,13869.807275781057,11882.922685322595,14737.463903117707,25663.787304872993,16812.3630729355,12002.865524859202,13157.466678282139,15639.157694644771,15828.011434314569
9965.112916409382,15402.449980065387,9013.4339892722,11588.130363177926,16345.902728881556,8429.664615253652,10118.627304073532,16471.044169835834,8081.067179873993,11779.245347922833,10884.60683257877,15082.69207291505,9300.894019440437,10100.039774515233,16864.684828567166,12207.913209249848,16173.582424535558,7115.3288414486415,20027.492825605364,10835.822479927006,10668.86621137678,7338.1940965831745,13161.344002766102,14252.68566094678,14272.819430124871,20054.852105028356,13948.386975806494,18449.731555945866,13976.31812639638,11856.132214515415,20023.561633039095,7339.5869981583255,15560.420224796379,13712.279776913067,13835.60294784907,14811.206482202326,9448.259318743418,13147.049439843939,13873.247761657305,21964.875742739965,12750.328700418268,21926.109008820742,13518.707132971362,11413.296341627894,13147.703566825072,25663.787304872993,16619.541753928286,11836.2008453555,13157.466678282139,14035.56715056601,14283.662938085581
9965.112916409382,15402.449980065387,9013.4339892722,11105.638842679782,15550.80769314554,8391.27738977718,9833.44369021258,16102.305317262304,7850.202900057383,11757.62348331012,10127.72385205171,14934.463997067482,9168.721847204288,10100.039774515233,15964.53766264218,11103.459910710813,15319.768998077705,6964.115239853067,18921.198592328867,10542.523132875067,10668.86621137678,7338.1940965831745,13161.344002766102,14252.68566094678,13870.117421634563,20054.852105028356,13045.227683314664,18449.731555945866,13976.31812639638,11688.871173591853,19091.43670077137,7339.5869981583255,15315.466580558035,13423.435417804376,13620.878872315687,14781.040550885235,9077.132168637196,13147.049439843939,13873.247761657305,21326.563320328416,12691.894648080064,21926.109008820742,13053.457627189526,11413.296341627894,13147.703566825072,24527.6873310044,16619.541753928286,11434.27949445364,13157.466678282139,14035.56715056601,14283.662938085581
9876.04388420236,15234.776989599543,8416.969137066635,11105.638842679782,15550.80769314554,8391.27738977718,9833.44369021258,15873.43204061489,7835.688791374669,11117.603963710822,9786.39254797936,14374.046639801789,9121.485641648644,9926.534218647814,15657.369231997085,11103.459910710813,14654.090365458522,6830.5536918024045,18921.198592328867,10541.922533543053,10668.86621137678,6823.8005674816295,12263.142633865125,14039.217694873189,13779.859310496406,19476.58885595331,12266.637532221092,18022.696010580225,13976.31812639638,11580.986929362696,18612.212867943672,7132.164938113377,14414.186971468926,13007.712559122832,13620.878872315687,13659.637427839029,8423.906867050331,12632.440178037628,13570.83846329268,20293.46784691083,12056.807005876364,21712.607358142697,12028.195342424066,10728.033798494758,13147.703566825072,23622.270033793506,16157.849275540597,10445.884161132453,13157.466678282139,13757.419580969092,13418.703016709707
9876.04388420236,14670.288850368179,8416.969137066635,10948.623224758534,15049.821649221045,8052.477218586843,9543.558651902371,15666.066195772873,7435.910173490558,10642.752848560043,9786.39254797936,13894.53252782971,8358.02082429206,9230.902217535391,15657.369231997085,10130.259628271291,14358.727396296488,6511.1121419907695,18890.769274596663,9913.881569867284,10668.86621137678,6578.130100113708,12113.398237927284,13471.614524680155,13779.859310496406,19064.406524604557,12266.637532221092,17308.012976383965,13976.31812639638,11314.68834993241,18022.38330653084,7042.200839947455,13875.392555524326,12246.63975414326,13620.878872315687,13659.637427839029,8244.612492000297,12275.10723540374,13570.83846329268,20015.74470121348,12056.807005876364,20868.871722791013,12028.195342424066,9850.133958044406,12921.383299280966,21644.857840123223,15516.1408895092,8895.65513382406,13157.466678282139,13757.419580969092,13418.703016709707
9124.373869403553,14670.288850368179,7948.237744739711,10565.826396672595,15049.821649221045,7909.896740470308,9376.339898397102,14129.875925872728,7421.291057893445,10418.959879329828,9786.39254797936,13894.53252782971,8122.95315451599,9230.902217535391,15657.369231997085,10130.259628271291,13936.990365264022,5824.933728195281,18890.769274596663,9739.20754782876,9952.845109780728,6041.490291611522,12113.398237927284,11566.968347575514,13663.097294243793,18987.373883303226,12106.294266717749,16685.952030061155,13583.439741619559,11180.519556257877,17104.762313818956,6681.671109047161,13313.822306359392,12246.63975414326,12521.807651326779,13659.637427839029,7956.728957300869,12092.54250991658,12080.451469102332,18616.903481103036,10683.86429394754,20868.871722791013,12028.195342424066,8825.135751434645,12599.189992788659,21644.857840123223,15193.675684641004,8895.65513382406,12627.733264849549,13757.419580969092,12276.052829855222
9051.290492396514,14310.868187519256,7948.237744739711,10469.282554374038,13986.985695035273,7898.194377935007,9087.490103513588,14089.491914702254,7201.598030891957,10418.959879329828,9099.740738334449,13297.63998024987,7578.562456653709,9230.902217535391,15649.601189629502,10130.259628271291,13754.686214314524,5784.503949611293,17543.96721252774,9739.20754782876,9952.845109780728,6041.490291611522,11979.498866035847,11566.968347575514,13663.097294243793,18081.61597489477,12091.896254277719,16615.34331706563,13583.439741619559,11014.707897837594,17104.762313818956,6542.313221381642,13100.368387907432,12092.77777244193,12201.660400884391,13659.637427839029,7800.0572915696175,11143.988168741298,11940.200433460142,18616.903481103036,10595.258308082324,19868.283958579374,11964.12509654411,8825.135751434645,11874.97998510406,19990.30208969373,14905.09195792639,8895.65513382406,11915.442416030855,13582.379708412456,12276.052829855222
9051.290492396514,14310.868187519256,7948.237744739711,10469.282554374038,13705.298440156255,7880.8129866671015,9019.409880001645,14089.491914702254,6926.496942594817,10312.527556154675,8432.99307077852,13297.63998024987,7578.562456653709,9054.559048350262,14646.675863656314,10061.830628152968,13348.074548152243,5689.756126531648,17543.96721252774,9739.20754782876,9317.37786448519,5562.2217795280885,11671.760344560975,11566.968347575514,13413.191090194492,17152.899218842722,11683.846816850904,16481.246219732937,13583.439741619559,10634.608176026739,16815.308918551415,6488.073386971183,12679.25744143037,11763.641313008317,12201.660400884391,12991.752667338018,7800.0572915696175,10355.043757657339,11551.905170512744,18616.903481103036,10104.500442976918,17340.027585536754,11127.80406177182,8825.135751434645,11874.97998510406,16938.22690811761,14248.861099837533,8143.861782071442,11915.442416030855,13582.379708412456,11252.692014801873
8893.98635051625,13964.313043519134,6908.83409813701,10115.751645649534,13265.031185440877,7676.874536832395,8802.142913530179,13578.47468333339,6792.323096508371,9879.490302120745,8048.25584782632,12913.538432118528,7192.696227301645,8926.80452777222,14566.149106851988,10054.226388652034,13348.074548152243,5282.923042747683,17543.96721252774,9420.967101337712,9317.37786448519,5167.219590057997,10899.615054146027,11566.968347575514,12360.155850025074,17065.571789941627,11192.697397706539,15879.011691207983,13514.504018742142,10309.34358986407,16236.81493311443,6385.041890957941,11081.127330782929,11226.040041513683,11886.382260802755,12991.752667338018,7800.0572915696175,10355.043757657339,11551.905170512744,18386.247870215433,10104.500442976918,17340.027585536754,11024.096664396904,8656.661623823862,11808.58162807036,16938.22690811761,14082.673250119748,8143.861782071442,11523.296551592368,13445.236888196343,10808.644344575738
8893.98635051625,13660.506341960923,6763.052265642703,10079.507800554493,13262.621742671134,7365.450167698378,8469.969429570147,12883.505408927474,6556.4516198220135,9000.636099775704,7355.79405829258,12913.538432118528,6678.382658450166,8911.08930203763,14420.214294341435,9747.024897670628,12553.451143240163,5163.307499532141,17543.96721252774,8636.698126164498,8732.150870807087,5167.219590057997,9736.735650310482,11543.183058757562,12313.391829152499,15881.673243931271,11103.00093233802,15879.011691207983,13514.504018742142,9961.368293395622,15598.861224018996,6385.041890957941,10689.549698757615,10997.806352379008,11009.550224764193,12991.752667338018,7391.944477402412,9617.516114192726,11548.62968652096,17910.055748356277,10104.500442976918,17340.027585536754,10905.530247299897,8025.3605148412025,11449.824602745372,16535.877706838583,13223.284364575227,8143.861782071442,11523.296551592368,13253.064298591546,10808.644344575738
8597.641410993752,13660.506341960923,6671.613091919832,9785.885686171872,13262.621742671134,7065.188531652712,8078.509282111254,12764.344391140467,6556.4516198220135,8938.234808241283,6932.0970865043,11434.382197417683,6537.839334582763,8656.942506171,14038.448965674985,9434.665397744076,11702.218969666843,5049.711945385734,16636.028538942774,8272.508531530402,8732.150870807087,5142.236758002564,9168.940644880724,10979.108424408974,12077.579135164904,15881.673243931271,10627.549010271854,14616.76291339501,13514.504018742142,9961.368293395622,14753.761144847951,5971.906539224976,10689.549698757615,10867.432921922331,11009.550224764193,11721.703773488829,7391.944477402412,9617.516114192726,10197.082824747402,17910.055748356277,9653.264119037574,16851.816554699515,10806.291237965263,7898.26018561685,10323.089786817027,16535.877706838583,13223.284364575227,8143.861782071442,11523.296551592368,12841.56843614748,9585.38814659476
8218.200814763197,13047.412372247467,6671.613091919832,9649.484260747047,12748.803161835871,6799.876706858841,7746.659537501948,12147.415765682334,6434.7961334471875,8753.429522893648,6898.668160119533,11041.482133517959,6329.43741129272,7923.762647061315,13356.354734639759,9166.205836577057,11702.218969666843,4884.180863591985,16636.028538942774,8272.508531530402,8600.182100737515,4612.680033008334,9168.940644880724,10753.407034194312,11530.357199960199,15477.467124183293,9752.452408689069,14484.254279527424,12923.717042470196,9784.979624040263,13991.290069512026,5971.906539224976,10689.549698757615,10343.24775066976,10222.642887684755,11721.703773488829,6745.094772175279,8902.020990162238,10197.082824747402,17533.349327013282,8913.05240501497,15932.89342466718,10624.631061450462,7430.9149305238625,10323.089786817027,16535.877706838583,13010.637409087529,7916.370153995839,11339.783661700014,12303.034193685591,9498.774529369397
8218.200814763197,12409.03174371819,6571.808151070072,9067.496381343593,12008.612431201254,6737.127243044121,7404.231563239142,11300.073561955109,6227.978099207212,8145.433779553714,6079.027875232252,11041.482133517959,5969.21228309912,7923.762647061315,13356.354734639759,8644.298928240598,11373.543654824274,4661.706165004859,16593.039096100973,8272.508531530402,7237.004662915144,4612.680033008334,8677.351868972017,10300.521963068704,11530.357199960199,15477.467124183293,9655.66230789387,14452.422196137479,12241.14706847213,9469.518112927404,13567.078735064144,5796.855568688004,10473.800263122544,10265.535902084634,10222.642887684755,11721.703773488829,6427.820439635543,8683.44918263749,10197.082824747402,17246.486917188493,8867.785488634,15394.184320144013,10179.324493704642,7430.9149305238625,10323.089786817027,15798.64584454623,12453.29891486304,7916.370153995839,10847.970993596793,11914.062060922011,9114.641962342886
7982.984808568823,12056.48914220755,6395.283530745905,8856.235666344559,12008.612431201254,6592.638337063686,7379.116285101328,11300.073561955109,5949.967953411033,7407.479755617613,5668.665155919355,10945.002044294391,5620.641474076268,7772.693636480845,13194.386095038968,8317.14184891148,11088.536860714974,4596.673906573975,15869.921553434646,7802.047757892045,7237.004662915144,4415.213373564808,8436.533292879627,10300.521963068704,11530.357199960199,14871.564044071954,9597.508430385707,14113.995433732545,11739.071086574615,9460.243499612494,13388.126394580588,5755.724483147502,10140.775550704588,10012.66396219365,9992.087015613213,11721.703773488829,6427.820439635543,8516.15003893957,9866.781132635135,16935.306694424642,8601.975211323068,15394.184320144013,9728.921360194514,7210.300018413482,10323.089786817027,15757.787315523301,12453.29891486304,7916.370153995839,9787.03853511586,11914.062060922011,9114.641962342886
7891.8337471180475,11461.152992668778,6056.724453341905,8790.735839611243,11964.803438906378,6449.215522244331,6751.441909347152,10834.265135018502,5719.7356679559025,7407.479755617613,5668.665155919355,10945.002044294391,5620.641474076268,7151.779315218525,12975.621632690636,8317.14184891148,10896.509456835825,4549.127759029443,15869.921553434646,7802.047757892045,7237.004662915144,4009.5796519109567,8292.688554230044,9467.346485390772,10950.075733104797,13759.496259280759,8971.24468255672,13427.288528858153,11651.291847449427,9175.820247939268,13388.126394580588,4910.169692363697,9725.929265136616,9781.739512346498,9992.087015613213,10817.874081529744,6427.820439635543,7553.249027589058,9866.781132635135,16851.038200386043,8465.725569781713,14659.945014652187,9455.144448626916,7210.300018413482,9586.929706878045,13737.388833196173,12035.106406087718,7916.370153995839,9787.03853511586,11553.420374912495,9114.641962342886
7806.193162160809,10964.683367196732,5310.382523023942,8588.396805825812,11278.140079517168,6217.761126157163,6685.116855530147,10834.265135018502,5704.928694511388,7401.635583228937,5229.110322538702,10592.533747487665,5526.267068977742,7151.779315218525,12552.355970738734,8038.565514361147,10816.738646058471,4307.615985343356,15869.921553434646,7802.047757892045,7237.004662915144,4009.5796519109567,8070.221356798575,9467.346485390772,10687.666042230323,12615.383529765411,8486.758667222899,13005.05640784289,10873.008199046533,9128.908315937982,13155.648617706784,4878.777581073103,8990.660804673525,9018.167299060846,9909.220638924324,10791.065993765007,6219.409715089105,7553.249027589058,9866.781132635135,16447.639704610174,8439.341004176995,13540.731499317162,9107.068137242632,7165.21662193243,9512.481515505002,13737.388833196173,11730.831110658326,7916.370153995839,9787.03853511586,11449.939846414656,9050.43696794657
7806.193162160809,10964.683367196732,5183.5417379700375,8329.076207356897,10440.666504097986,6003.5111634292725,6349.955786011593,10834.265135018502,5536.446246513837,7024.861567622638,4765.75686306279,10127.454385078589,5206.722030338997,6838.710754777275,12552.355970738734,7885.623530346827,10080.06260161569,4220.904563625263,13694.395990941219,6818.137970405968,7237.004662915144,3945.1394386486563,7720.7420286346205,9029.063711880888,10687.666042230323,12615.383529765411,8486.758667222899,11772.133695197663,10873.008199046533,8876.114263632366,12721.5642702679,4718.817968552763,8880.22638381928,9018.167299060846,9828.635723005731,10791.065993765007,5817.7190823943965,7553.249027589058,9517.630728801756,16104.665861849071,7860.717698500604,13540.731499317162,8428.312269837941,6648.650089178245,9442.652201318437,13737.388833196173,11510.14549717244,7620.877991165266,8882.638527840414,11257.064825255018,7994.486837895343
7638.533580024204,10964.683367196732,5183.5417379700375,8192.742281021252,10440.666504097986,5886.011708760259,6349.955786011593,10767.185194013478,5306.106014637695,7024.861567622638,4765.75686306279,9873.33977657987,5082.960929876708,6632.897432383449,11561.092760640626,7667.70315335551,10080.06260161569,4044.6712907947285,13694.395990941219,6818.137970405968,7140.332696307265,3945.1394386486563,7532.929142562335,9029.063711880888,10644.866528703893,12615.383529765411,8486.758667222899,11772.133695197663,10540.881487276607,8681.234392369815,12075.316731970323,4600.066983636771,8880.22638381928,8788.546395876641,9633.001719612057,10296.40250695148,5817.7190823943965,6847.525288034536,9184.263429524703,15659.257582814187,7860.717698500604,13422.91412893947,8428.312269837941,6648.650089178245,9115.299133742763,13299.183282762455,11025.722308858563,6688.565900457122,8882.638527840414,10407.330138869553,7994.486837895343
7620.647766916693,10695.352807115742,5183.5417379700375,8140.693932524287,10440.666504097986,5565.276212480382,6119.081971251968,10146.72647022639,5191.303074642083,6710.196865382064,4760.555102536223,9498.750873290202,4986.7763880983275,5877.186413446278,11561.092760640626,7421.044101536328,9216.773564027804,4044.6712907947285,12934.955041904353,6818.137970405968,6636.46328811349,3945.1394386486563,7057.626263224976,8623.556299254698,9676.191765357738,11534.255444211869,7583.955846988434,11772.133695197663,10496.16984143021,8592.428175217046,11937.58505578803,4318.275835566314,8668.037452879807,8722.574445389915,9287.458359668093,9342.332740244576,5439.599989413645,6667.660349203564,8709.424048892739,15039.401395816192,7815.236390419201,13019.795619961928,8428.312269837941,6591.556241568435,9091.711297091997,12401.054466805435,10771.838209082556,6568.040541799468,8882.638527840414,10407.330138869553,7994.486837895343
7396.685427517861,10523.87832737195,4921.389691830236,8097.42670041506,9877.967440576624,5498.888912651539,5870.120460058103,9832.583542936129,5071.3176365115605,6543.892579793648,4413.426982575933,9463.527251731854,4604.040503820777,5877.186413446278,11489.800450487064,7223.033313020007,8861.129839935997,3752.432284816364,12563.609469524506,6253.75380161763,6422.828719554002,3918.418706493202,6665.275790029748,7853.042463727235,9676.191765357738,11185.395543415543,7583.955846988434,11502.020057319864,9236.09904136761,8544.849857236779,10632.312139625607,4161.956019605086,7768.016540330161,8182.28381473316,9287.458359668093,8840.19459111886,5439.599989413645,6667.660349203564,8709.424048892739,14948.667482139814,7215.135332780177,12290.72520137187,7993.51152104384,6351.309227573427,8985.823170643142,11531.118943287258,10606.882896926398,6568.040541799468,8275.183536034017,10040.4329740208,7895.705418340925
7211.333681638374,10224.929788522268,4730.771018467868,8026.814736148981,9877.967440576624,5177.312403960766,5791.591097438097,9585.468355481262,4959.060841724375,6230.117461701326,4409.398119419844,9069.022199562822,4604.040503820777,5724.433126880239,10533.7518099956,7178.3312392558055,8218.462405535991,3746.8843773992094,12563.609469524506,6253.75380161763,5973.89345470287,3918.418706493202,6665.275790029748,7853.042463727235,9231.059309599696,11185.395543415543,7523.500284469345,11424.265684801167,8646.479573984163,8362.951996674423,10632.312139625607,3975.6358078791745,7764.340622783998,8080.0716854923485,8881.930184081879,8840.19459111886,5225.475128264107,5653.373378160666,8709.424048892739,14525.378286214953,7215.135332780177,12290.72520137187,7668.611307694095,6150.06661700144,8923.717168703686,11531.118943287258,10596.417365403337,6095.286990691796,8172.714332086327,9824.716267950822,6739.705175853544
7063.419632443329,9529.976412251735,4454.278786924432,7686.074874262907,9877.967440576624,5177.312403960766,5740.984618977188,9397.712181702174,4767.33613953012,5798.410926520405,3980.7982132779002,8666.445072336046,4372.866322604035,5724.433126880239,10533.7518099956,6632.921409440096,8218.462405535991,3690.508047973623,12378.400699242115,6237.550365145817,5973.89345470287,3791.269117081951,5990.99145005978,7489.9923221512345,8950.319087470594,11185.395543415543,7408.001694538222,11006.252068606645,8646.479573984163,8050.395556787237,10632.312139625607,3820.945531446513,7695.428477099267,7860.469332150624,8495.683190183208,8297.016767318462,5177.548420954708,5646.218321270453,8709.424048892739,14395.933186716475,7215.135332780177,11472.29806393483,7668.611307694095,5965.646816606387,8923.717168703686,11473.131132245808,10417.110871545368,6095.286990691796,8172.714332086327,9193.216141678864,6739.705175853544
6612.413177538546,9529.976412251735,4454.278786924432,7526.149479791581,9280.137220968289,4917.904691685407,5398.76423708665,8222.826916362606,4668.057664869677,5653.279078821175,3980.7982132779002,8282.970376181489,4258.047683678547,5359.500468899142,10409.07744151523,6493.6805637919615,7836.838620442469,3559.2330097114937,12378.400699242115,5924.981445089943,5701.44627742557,3565.078655360154,5990.99145005978,6681.428524042582,8751.76894298664,10854.475234237665,6913.378290892843,10686.047504041868,8646.479573984163,7587.469751614103,10110.279461931554,3820.945531446513,7384.753972683428,7713.95767775797,8364.875051468656,7540.225024224598,5047.6096706549115,4451.337898634157,8187.671765547608,13286.443431718615,7172.805291726781,11472.29806393483,7668.611307694095,5772.078731898103,8552.841237371882,10461.91779055804,9915.475995057443,6095.286990691796,7717.282961313068,9193.216141678864,6517.022588573358
6612.413177538546,9248.863082289787,4271.984593716998,7351.868158071828,8831.986916677573,4917.904691685407,5398.76423708665,8222.826916362606,4636.481836072323,5653.279078821175,3970.49076241839,7834.062541703299,3977.297994291939,5137.481090009763,8891.082540667421,6237.228044643077,7836.838620442469,3387.929448864394,11969.01999503691,5924.981445089943,5347.768538167274,3279.0563375788224,5802.53335002714,6629.373207634746,8128.588708034124,10854.475234237665,6913.378290892843,10556.04198607141,8646.479573984163,7587.469751614103,9837.284079672107,3747.5870954370116,6848.951789197029,7713.95767775797,8125.032691272748,7540.225024224598,4948.401614146343,4451.337898634157,7951.189043231778,13286.443431718615,7172.805291726781,11228.619432055692,7514.7684665784445,5772.078731898103,8410.132135588177,10251.726635710776,9707.605863669389,5998.227511761814,7717.282961313068,9193.216141678864,6332.779833529909
6281.700166668094,9014.72254351111,4226.841507811272,7274.105072770947,8567.983513468891,4772.2977318323055,5398.76423708665,8084.178168855496,4518.670710616255,5501.230818912632,3521.4046041565016,7385.581636564983,3920.42138273846,4949.4195334389,8865.996718358963,6019.1194682172845,7333.838238290415,3387.929448864394,11418.118305560112,5924.981445089943,5018.0819719228975,3279.0563375788224,5505.318301242226,6069.743649264771,8117.3919024491315,9796.962812408217,6676.004847396839,10325.550350322274,8559.296277929565,7587.469751614103,9252.970128666171,3462.186927725876,6759.8621756614075,7401.464134462972,8058.667246728308,7496.051214655078,4728.5338881887665,4451.337898634157,7719.865625410697,12576.501600565874,7172.805291726781,11051.040128176306,7184.365959243527,5421.702654851991,8061.863694450039,10049.005253520707,9256.419838586171,5574.51654760539,7578.1293956676145,8934.6646755793,6314.722006268317
5938.912936826545,8577.605506748823,4226.841507811272,7025.319214887692,8096.536672434571,4651.919040551156,5369.348933361029,7862.854534583296,4316.194014002334,5501.230818912632,3521.4046041565016,7210.999523861379,3865.3745119602436,4793.0581552867325,8865.996718358963,6019.1194682172845,7132.888443558294,3324.626024941973,10724.544702858306,5392.7810011639,4830.773361361555,3128.064072860589,5476.342734239926,5926.144717823247,8117.3919024491315,9796.962812408217,6676.004847396839,9985.191242439378,8559.296277929565,7587.469751614103,8889.498439671434,3462.186927725876,6160.2135686101,7305.539316199321,7767.983086436294,7055.087232966915,4728.5338881887665,4369.3516978233,7315.773320363081,12396.959294357757,6780.364339496321,10252.346258289104,7160.296291388603,5421.702654851991,7398.730915167494,9103.941033973226,8933.94612552906,5468.320202970751,6823.765633090771,8513.751550743056,6024.504797121225
5938.912936826545,8577.605506748823,4220.59031240319,6870.540864936019,7840.614591180734,4555.751716269909,5014.074373778675,7838.44575178439,4251.579866784792,5062.636770985995,3521.4046041565016,7210.999523861379,3854.2049410779605,4374.659466215507,8355.161916363431,5627.317575382253,7132.888443558294,3290.643247918241,10724.544702858306,5392.7810011639,4830.773361361555,3128.064072860589,5190.73215355236,5643.319225941306,7389.06766838029,9313.614880391384,6490.200531908451,9743.697368123356,8080.311005847629,7450.50329082451,8889.498439671434,3320.4020657789097,6160.2135686101,7115.32960766185,7658.254119694958,6602.350898663556,4539.160240146914,3977.7191857584244,7315.773320363081,11318.995684685997,6780.364339496321,9905.847540727973,6863.092925478158,5399.826949876258,7398.730915167494,9103.941033973226,8429.88777142142,5297.278569459217,6823.765633090771,8247.575611446964,5696.7886325620875
5852.799357929643,7734.031712853733,4030.800793907023,6771.279057636634,7479.83053836292,4322.746541875318,4946.818362339291,7207.666145546694,4151.187908871247,5062.636770985995,3505.1043398795,6745.191449762173,3726.3364158070963,3947.836055698801,8355.161916363431,5520.421176918526,6846.004931667942,3233.898837351424,10724.544702858306,5264.072830545624,4813.440451167035,2967.7281080747284,4940.901757151852,5426.930280515195,7389.06766838029,8851.623500238335,6426.134233443005,9361.189094153127,7842.330510193879,7120.4921504473505,8877.408310692674,3170.526789712749,6008.293888919398,6913.705431326118,7532.453201110331,5962.027456877691,4539.160240146914,3696.555511184789,7315.773320363081,11079.934252179732,6780.364339496321,9905.847540727973,6415.813654260183,5351.030503929997,7398.730915167494,8976.543952320984,7945.847999451069,5056.134798270285,6823.765633090771,7920.277924897258,5449.3857325010795
5842.681363323549,7734.031712853733,4013.02104484288,6539.447647260206,7479.83053836292,4200.866624627936,4772.572939064571,7117.82526107283,3995.8963352735673,4699.122307488186,3370.1621179612143,6563.939491250106,3528.8411585342296,3947.836055698801,8174.121914634086,5367.0601911911335,6733.348994550076,3149.949091094966,10274.01219037448,5264.072830545624,4708.934103407375,2967.7281080747284,4587.812089586567,5313.614672175579,7389.06766838029,8851.623500238335,6070.065416656709,9099.4965335067,7842.330510193879,6469.248974413701,8012.684522721824,3016.92448975578,5641.19414214489,6813.819869850932,6824.788550117396,5962.027456877691,4467.896834877188,3648.1916512531034,7259.138671436231,10222.011325453033,6685.055803856603,9905.847540727973,6043.866752676284,5204.224572931895,7211.2797000845,8885.208899664462,7492.519405098972,5023.282158118895,6392.917274650105,7790.760126205796,5410.257358141937
5607.886272130461,7662.010534143825,3970.786767751173,6386.000712391517,7296.049915949714,4147.14451319169,4772.572939064571,6724.670350939692,3943.9909795408203,4699.122307488186,3352.6041626704355,6292.710847036763,3420.6337374381105,3858.4650199688317,7981.317525104749,5058.8043147139215,6477.893263790492,3091.353144833715,10274.01219037448,5224.640840141186,4483.412919166151,2873.3000361223712,4587.812089586567,5103.822111995373,7110.265400306783,8348.646462925206,5787.283155442471,9099.4965335067,7393.494333893178,6469.248974413701,8012.684522721824,3016.92448975578,5641.19414214489,6689.10114549546,6824.788550117396,5962.027456877691,4213.997086101046,3426.2057999159533,6484.0823826696815,10222.011325453033,6685.055803856603,9905.847540727973,5665.437954163303,4858.981118434153,6760.725892003957,8744.275043737396,7492.519405098972,4834.779586494731,6060.0650828500875,7535.9803161053715,4434.742719738933
5600.292207907765,7376.123216194402,3922.4183235435994,6136.435260664207,7206.385009938073,3886.6071840708887,4662.869092450521,6513.102738569715,3943.9909795408203,4387.1447018763065,3352.6041626704355,6200.217791180185,3166.2093452491426,3520.3825889295294,7469.207691692608,4829.622755927555,6298.322464076773,3091.353144833715,9726.722383027674,5060.868949975816,4405.859292387739,2742.982980836509,4441.900515104466,5103.822111995373,7110.265400306783,8338.554621321673,5301.035740954099,8462.887661097755,7393.494333893178,6469.248974413701,7890.536423260697,2932.6464607164394,5639.738793842203,6580.028459649315,6824.788550117396,5923.718173425271,4116.1569818414655,3418.5843182374774,6255.791924070531,9938.97064809299,6564.472056646779,9567.768257110982,5623.459506488438,4858.981118434153,6519.467356099981,7510.746755516232,7030.501107313225,4560.887360729051,5774.351508952143,7199.663220077079,4434.742719738933
5479.685508221269,7233.452243630175,3867.172349917433,6113.771930406414,7042.822447040207,3886.6071840708887,4411.240799785352,6465.726798185938,3738.0772419394216,4058.1521239240838,3281.0416182918157,6028.072737436437,3166.2093452491426,3520.3825889295294,6928.656786893757,4339.317406169542,5630.444171132207,3003.751255096073,9458.038707276895,4697.802280984713,4291.466747086654,2660.818504750952,4441.900515104466,5103.822111995373,6790.412275406948,7900.023720846514,4874.4272337534,8291.854618655061,6698.343453419636,6294.404810022091,7841.294351953799,2803.6459621407284,4980.519311976858,6336.240687134835,6390.712631839572,5689.590574931405,3836.885544766,3056.25917016476,5824.7483984514,9800.710161786983,6518.023187311927,9397.682007170644,5391.875017594213,4639.635793060792,6519.467356099981,7510.746755516232,6942.676660616539,4468.957698225688,5754.546669931753,6908.163781359997,4367.042785635207
5302.6075172420005,7233.452243630175,3678.238811442528,5920.0771831967695,6679.202681228068,3886.6071840708887,4411.240799785352,6039.167277725039,3662.9574554316064,4058.1521239240838,3217.9112513910814,5840.796488910282,3166.2093452491426,3492.00959763428,6676.29659143457,4339.317406169542,5630.444171132207,2967.7119301304224,9307.415525609716,4697.802280984713,4198.014337600123,2538.7038765094085,4169.847750242685,4841.220790795835,6012.601872700507,7649.894201983867,4543.138093048383,8256.468862851685,6481.973929016885,6220.983206275772,7104.038478298497,2627.0778130240565,4882.627496671335,6269.938119206163,6061.457749209609,5679.386304172297,3736.189830546968,2971.8859458176944,5824.7483984514,8997.522853082317,6375.286286211734,8598.85425061223,5373.500963872358,4408.263228338965,6153.724436304699,7120.132283576303,6942.676660616539,4349.621684082795,5754.546669931753,6837.087413882359,4067.8474514596037
5158.073318867415,7060.621309885261,3436.8882113856384,5592.631910364887,6515.558767121622,3842.2618553513666,4393.187692904919,5902.457103994281,3643.754175836579,4058.1521239240838,3161.9632750572214,5183.840020631585,3015.1849667162696,3327.970892601853,6475.153054631416,4339.317406169542,5556.180670341217,2919.8291577802356,9307.415525609716,4546.417823202357,4032.9634614166284,2499.5632289791006,4101.114102202333,4579.641471347457,5466.936631385531,7598.12029649218,4543.138093048383,8156.4831190563145,6372.628957133922,5999.357278014031,7104.038478298497,2534.0848600369854,4684.613792655553,6061.1193859065925,6061.457749209609,5228.821824568143,3612.012361442255,2887.0670575143295,5824.7483984514,8993.669923330111,6333.779033333694,8498.723001944163,5110.360326100737,4393.005627107333,6034.714801389136,7116.480820835773,6687.435829777739,4123.165424793746,5754.546669931753,6246.820877226838,4054.3985430812436
5139.993259334975,6953.359496756679,3436.8882113856384,5247.088422446982,6164.621839623238,3638.809747062427,4219.975853379217,5902.457103994281,3502.1778637381694,4045.0177972336705,3124.2299105497277,5183.840020631585,2745.289682189038,3120.9374175012445,6232.5942084046055,4287.7466989414115,5409.35361652785,2919.8291577802356,9098.409637827232,4498.307254728641,3925.5557105084026,2465.2834844812965,3925.30572135678,4431.312859809182,5389.8910974727105,7154.676280129009,4167.028263128703,7723.315514248333,5995.338158786314,5832.870687445863,6868.280378047009,2389.5565215632205,4684.613792655553,6061.1193859065925,5926.750978747189,4923.1462294738,3420.36700256757,2830.218494101976,5692.534723034841,8720.079236772594,6129.946219264339,8498.723001944163,5097.748632516276,4393.005627107333,6027.818760922884,7058.787162111834,6403.101952791775,3942.993075439214,5559.767490384978,6085.593651738416,3685.026269822535
4867.437343689162,6473.801235102086,3432.8565331610735,5247.088422446982,5886.336509988384,3560.069776077772,4017.3148795328584,5627.475988727869,3446.0368557749675,3903.4894828220017,2973.707858894079,5180.436391502231,2745.289682189038,3120.9374175012445,6142.113834121552,4124.259324946101,5202.4692427566615,2844.510247588109,8674.427978973712,4377.813565576831,3925.5557105084026,2370.407900137694,3563.132801999947,4237.446625123634,5322.012974670267,7071.624925067228,4140.865409597609,7598.626461605692,5943.11322913152,5584.672966837517,6673.252855219345,2242.6267892525866,4572.543729670539,5856.623617857075,5764.706256491571,4820.8535611612,3420.36700256757,2817.5500288778735,5307.369643357715,8376.94156973191,6040.08151143251,8071.967683158877,4821.6623027800015,4209.025671740808,5555.060150925699,6663.201677497687,6349.009510539641,3942.993075439214,5188.722557734985,6085.593651738416,3685.026269822535
4712.708849383998,6473.801235102086,3343.7613279929724,4996.560376142874,5777.4934991514265,3493.603675299982,3889.8230126445956,5502.572183750314,3228.576256859597,3834.1745071164037,2872.6406179979454,4982.9277829023185,2745.289682189038,3076.0732990753345,5914.677587381677,3772.524318466776,4910.419470193097,2740.2716215506853,8406.24375884754,4377.813565576831,3894.7112787802603,2277.2336374282963,3563.132801999947,4023.8197836592562,5252.322921895237,6821.44907327119,3824.8919036080893,7301.634132290395,5919.693915769271,5495.017672008404,6352.720336633385,2097.8087408314213,4510.243760589294,5641.376631788497,5479.215999530492,4703.677612534971,3272.7140579699917,2536.449568492904,5280.163591587427,8214.63150142748,5696.896199908906,7668.135276871763,4821.6623027800015,4035.1968255094835,5110.9796211731245,6637.687507470388,6349.009510539641,3874.0988818654414,5188.722557734985,6060.490028576253,3491.36294827005
4444.667595122387,6408.358921140047,3274.6286004245226,4788.085919752433,5728.331211583052,3338.5320186201975,3769.56198884506,5333.214547396234,3228.576256859597,3760.0958707737923,2780.3050377526897,4581.93919012922,2684.205614774121,2863.3824745574343,5805.606710426224,3524.52033122171,4606.641853441679,2602.1504365958426,8196.627752823828,4361.5749289831,3837.0802691880767,2163.545884018132,3468.590098790461,4008.040943563927,5179.333640539057,6671.202244342723,3824.8919036080893,7301.634132290395,5796.298959634639,5275.6252272941765,6253.176007478191,2097.8087408314213,4370.333199712198,5496.4076114370455,5305.115352092545,4443.852984023491,3272.7140579699917,2536.449568492904,5064.194756484673,7819.642336249976,5659.251249681115,7532.471560693426,4747.059012350443,3864.779938749946,4948.686331795528,6310.342108901443,6181.932601861168,3588.922727875884,5143.037103192582,5918.173224000899,3491.36294827005
