F192017-50-0,F192017-50-1,F192017-50-2,F192017-50-3,F192017-50-4,F192017-50-5,F192017-50-6,F192017-50-7,F192017-50-8,F192017-50-9,F192017-50-10,F192017-50-11,F192017-50-12,F192017-50-13,F192017-50-14,F192017-50-15,F192017-50-16,F192017-50-17,F192017-50-18,F192017-50-19,F192017-50-20,F192017-50-21,F192017-50-22,F192017-50-23,F192017-50-24,F192017-50-25,F192017-50-26,F192017-50-27,F192017-50-28,F192017-50-29,F192017-50-30,F192017-50-31,F192017-50-32,F192017-50-33,F192017-50-34,F192017-50-35,F192017-50-36,F192017-50-37,F192017-50-38,F192017-50-39,F192017-50-40,F192017-50-41,F192017-50-42,F192017-50-43,F192017-50-44,F192017-50-45,F192017-50-46,F192017-50-47,F192017-50-48,F192017-50-49,F192017-50-50
29150.0181643134,34972.394617276426,25681.50461162099,35391.31980856923,31687.14448497533,38802.614058553205,33534.82394333685,36343.99454099199,37410.48730532534,37142.14586084731,33381.87958536729,26810.10220015728,26841.039442638692,28094.205459449004,34450.92702407472,32288.69169052519,33227.98567751463,25449.153452423798,32130.638314060085,28467.958000578168,31157.53044649912,24492.90398880189,29683.092253692485,34449.645876911425,31664.022152865797,22104.822336214453,29401.56987952559,30477.63859868088,31254.37101634824,30216.94750518482,29991.985093905292,34448.50158425025,35248.97879190175,33088.36968672702,28752.32360737435,37217.72028149369,27649.53720666171,22565.34006123806,35004.349064932554,28337.228657064985,22078.20692175169,30852.545351367244,38119.962893829455,25491.135697462596,32151.14210203028,25895.493687817157,40379.15551161957,37164.326589831,39677.66653692969,25198.00649853453,35646.14807245631
27528.16058516675,25698.568215649535,25681.498634381634,31109.82347942799,27373.81872399293,37035.35465990567,25151.07778891135,36034.64720778835,31261.590821587142,29189.13264513108,33381.87958536729,23567.19154133629,26840.90637771513,28094.205459449004,34450.92702407472,28513.311906350315,33227.98567751463,25449.153452423798,24954.464357348636,22261.099077660794,29857.38834645887,24492.90398880189,22497.724739013727,34346.93229206641,28186.95480560371,22104.822336214453,29401.56987952559,29789.20535088906,25740.791162554222,18932.70773159872,29991.985093905292,33858.51352503171,23173.68599626519,33088.36968672702,25303.200853466325,36115.12002439694,27649.53720666171,22565.34006123806,35004.33371920496,24866.041236760546,22078.20692175169,29094.136734504988,38119.962893829455,24487.175292905842,23239.96806583184,21198.252431187422,37132.257896232215,30852.502127284068,36753.57696174181,21898.835400214535,27582.119479362213
24018.462117983006,22791.891844187736,22740.311286791577,31080.185259423593,26868.258160048495,27050.444498194523,25151.07778891135,36034.64720778835,31261.416167764488,29189.13264513108,33381.87958536729,23273.78662989409,20918.146461573,26860.56338866774,27278.145720751,28513.311906350315,33227.98567751463,25381.19568013649,21248.662572948637,22261.099077660794,29082.879531094728,19165.50520510226,21140.52826626676,34346.93229206641,28180.63114777845,19325.98228479401,26953.907375732346,18951.453005224503,25740.791162554222,18932.70773159872,29991.985093905292,21255.87302799199,23173.68599626519,33088.36968672702,19569.917425778425,33571.7441433496,22015.125139600423,21567.317277666967,31329.13098924495,24866.041236760546,22078.20692175169,28558.69779802881,37893.46955598392,24487.135244759458,23239.96806583184,19711.014042939743,24564.244281004216,21472.386226275543,31905.020615094716,21326.99269412482,27582.119479362213
20432.794758730135,22791.891844187736,22740.311286791577,18008.206470521018,20093.086319176335,23419.313765932762,25151.07778891135,33384.1439800388,28577.70028763758,29189.13264513108,28576.51955338865,19302.134024811345,20918.146461573,26516.675109831125,19269.56006722845,21995.86287298864,29289.01326144116,21362.74957565905,21248.662572948637,22261.099077660794,22711.788028680257,19165.50520510226,19560.431789288567,24113.35925100065,25889.13431716902,18290.257810954714,26602.23656981092,18951.453005224503,18951.301485708205,18932.70773159872,27518.64562997802,21255.87302799199,22311.129475626945,32675.007674941255,19569.917425778425,31939.299562167558,22015.125139600423,20541.67383116085,25695.167045537328,20890.14218381035,17434.003790079587,26935.6075455108,30242.857399225177,23864.635920422304,22500.001359283073,19711.014042939743,24564.244281004216,21472.386226275543,31905.020615094716,16766.61686016454,23048.153155070788
17624.118168502297,15695.723810563615,16965.84644753774,18008.206470521018,15968.188004709491,23419.313765932762,24306.557855047162,22227.30835245681,24963.39998583299,26855.68198249699,25189.711387492458,18504.041457629966,20918.146461573,26516.675109831125,19269.56006722845,21446.281888719932,26588.726266880367,21362.74957565905,21248.662572948637,21827.026929938394,21090.50004522719,19165.50520510226,18627.58511704316,24100.444303245906,25889.13431716902,17869.97739588828,21494.04797535893,18951.453005224503,18951.301485708205,18728.933916309397,27518.64562997802,21255.87302799199,20186.536529076482,30887.725037934855,19342.502964413245,31939.299562167558,22015.121988297862,20541.67383116085,19952.62977406366,20890.14218381035,17157.679832729038,24161.678520724105,19560.414024825557,17970.697378357232,21955.72839990388,18540.794538195918,23786.88541690471,19333.144171437823,25333.32396325094,16578.17343713912,15077.517026874199
17624.118168502297,15695.723810563615,16965.84644753774,15186.270614528676,15968.188004709491,23419.313765932762,24306.557855047162,22227.30835245681,23385.56968475857,26173.088850645687,22982.618237156046,15753.50660376065,19833.824953679956,24744.15502062906,19269.56006722845,17509.634945604383,24492.571896647412,19218.958487105767,18027.822374371026,21827.026929938394,20003.221534419423,19165.50520510226,17876.05183066073,19102.53191829654,25885.901490917437,16970.8906886075,21494.04797535893,18951.453005224503,18936.688607973614,18520.778358105024,25212.821209931284,21129.674977139024,19480.022435086386,26734.891373068196,18312.432480877917,24247.76111004958,18075.968439161516,20541.67383116085,19952.62977406366,19105.27532480345,17157.679832729038,23280.985180771255,19560.414024825557,14080.086381912484,18742.665444405764,15128.478296953539,18457.08417800549,16410.121148912192,25333.32396325094,16409.903066469138,15071.50600052911
14617.571923898011,15695.723810563615,12878.079573047473,12101.002608289858,14713.398369697843,21459.750566064547,18434.301618160116,17857.184682474694,23385.56968475857,26173.088850645687,22982.618237156046,15753.50660376065,19831.560469215263,23564.389547152732,19269.56006722845,17509.634945604383,23142.22765043451,17723.585644022634,16961.38971615013,21827.026929938394,19823.89313718105,16303.008127655285,17842.05834119801,17764.078611435478,24801.025955240955,16970.8906886075,19118.43135168013,18932.502278821532,13473.76416605338,18520.778358105024,20780.352215993393,17111.408539360054,18546.782218820113,26053.43741722883,16203.742172662576,22513.10304553138,15232.861639707493,20533.425883160002,17944.687377829036,16223.123152044496,17157.679832729038,22663.82821639097,19560.414024825557,14065.553356346854,18742.665444405764,13471.940872436942,18455.572806964774,16410.121148912192,25333.305164196332,15546.99081944209,15071.50600052911
14617.571923898011,15695.723810563615,12878.079573047473,11470.705780523305,14713.398369697843,20611.161955812786,18389.06634804623,17857.184682474694,21762.583353069156,23117.928139466843,22981.94170891567,15753.50660376065,16183.890288603372,20562.70446802717,16741.818945480358,15035.830534757526,20291.027903183403,17723.585644022634,14302.658197781913,19033.18850414868,19823.89313718105,16302.9989612973,17080.438200543984,17764.07769432936,22136.098212850076,16475.945611567855,19114.37002083374,17026.428856393268,13473.76416605338,17853.420882181963,13036.86952691117,17111.408539360054,14170.212536214643,26053.43741722883,15483.93632039393,22513.10304553138,13864.31953656593,17510.1513348518,17154.26023283492,16223.03803007233,17051.931638743765,22178.065717682995,17225.177490017646,13754.767141272834,17355.750362682353,13471.940872436942,15116.459129485886,16410.052377564047,25196.718183235684,13326.726579264458,12083.932112382065
13426.06412145645,14946.554740323245,12809.48474215204,9822.01023576944,14626.768597979864,18453.693575510006,18267.392282361638,16880.38187609325,21611.831619602905,23117.928139466843,19557.78484623593,13724.84017784128,16183.890288603372,20562.70446802717,15408.610396894233,14908.751503171372,19742.906643724753,17586.349944776237,13110.208668529549,17222.88271716038,19535.094632841774,14418.946548106876,17080.438200543984,14289.998695210574,21799.406118939005,16475.945611567855,18763.90456995819,16146.673078716804,13337.272571882397,17591.801822940448,13036.86952691117,17111.403704328113,11858.464713452482,22788.971777122322,15483.917342398068,18968.43440790185,13763.38149924274,17497.60212153411,17154.26017268873,16223.03803007233,16235.943216540247,16622.06349186704,17225.177490017646,13754.767141272834,15998.073158150222,10900.687005492511,15116.459129485886,14792.504024638754,19858.134602561076,13326.726579264458,12083.932112382065
13425.287941507793,14946.554740323245,9895.73305650597,9821.910606008705,14141.102161276602,14953.868067577243,18267.392282361638,16716.340679472625,20915.82925444256,23117.928139466843,19557.764031968847,13724.84017784128,16183.890288603372,19847.031550810265,15211.726154467642,10500.03980445898,19742.906643724753,17571.052631512553,13041.98127969198,16356.903484208004,17291.146947928195,14418.931760764619,16003.921370171243,14289.998695210574,16644.258607115822,16475.945611567855,18763.90456995819,14434.633009443562,12307.450177585437,17441.57322611013,13036.86952691117,17111.403704328113,11858.464713452482,18832.370753379873,11425.576450754745,18512.305797974404,13516.357541327321,17362.373416760845,17094.778749760302,16221.744800709026,15421.860109491412,15353.49501835441,16732.295450172973,13747.771162828403,15998.073158150222,10900.57560514045,11801.99460320773,14792.504024638754,19271.245069850927,13326.27087966595,12042.078769163676
13409.399493650268,11468.142618471044,9895.73305650597,9821.910606008705,13557.338648598687,14953.868067577243,18267.330544105153,16716.236671791426,17985.207305567485,17791.11699098824,16716.285087202865,13724.018796447639,15931.479426625125,17171.070623720574,14566.313279917174,10500.03980445898,18635.637750857913,17571.052631512553,11997.018108349463,14311.51719009671,17281.573297890944,14418.931760764619,15469.25341323656,14276.792070202306,16644.258607115822,14303.53232725255,18424.122626576067,14390.781190816906,12307.450177585437,16618.917539239315,8301.71297184621,17111.403704328113,9501.972532592144,18832.370753379873,11425.576450754745,15966.892861290977,13516.357541327321,17177.76827443435,12416.70382596108,15668.370573826189,15170.46236510152,14854.112613545154,14186.121145446263,13343.511547023534,14929.664923117574,10900.57560514045,11630.130908225185,14043.591594253941,19271.23856437682,13326.085699102363,12042.078769163676
12389.38223867253,11468.142618471044,9895.73305650597,9699.324769210716,12408.495924044082,14203.82835384124,16599.16179392342,15759.856569407655,16579.42612257914,17782.055198559472,16716.285087202865,13679.11759827276,14847.132428400751,16947.438056043073,12405.888135186276,10498.550085071376,16261.848816893911,17571.05199952823,11361.284388025588,13336.449416695232,16161.365539276501,14186.748668959668,15469.25341323656,11095.55117608709,16644.258607115822,14303.53232725255,15360.871323903162,14241.439829794315,11183.909327370366,16307.217248615629,8301.71297184621,13510.482696735537,9501.972532592144,18832.370753379873,10894.230073337467,11862.103065056817,13516.357541327321,16225.7420887812,12416.459556122485,14580.525671689436,14396.494880893744,14597.324150510609,14186.121145446263,13343.511547023534,14279.597753491642,8652.310239428441,11630.130908225185,14043.591594253941,18600.79427563794,12236.297208657235,12042.078769163676
12389.38223867253,11468.142618471044,9510.190654627075,9516.694197042982,12405.787941417542,14203.82835384124,14836.990144337924,11267.012738529591,16540.429696453823,17782.055198559472,15558.12534423879,12040.1801479247,13197.73063786134,14995.73102968641,12405.888135186276,10477.99477844743,16122.552460202227,17248.31101936325,11361.284388025588,11134.09286911399,14507.169770096358,13649.903781984227,15165.245068901502,11095.5474792615,16644.258607115822,14301.222383765673,15360.871323903162,14241.439829794315,11183.909327370366,15302.79854609438,7942.818880546106,13510.482696735537,9501.972532592144,18768.317430935662,10894.230073337467,11862.103065056817,12848.656635899857,15703.685148489923,11233.55807927057,14201.564962528755,13368.795363557381,12238.745019071763,14186.121145446263,8067.408034251769,14262.322424976166,8652.310239428441,11629.34896588634,14041.888923408967,16276.06303255947,12236.297208657235,11764.327320506156
11894.863722130085,11468.142618471044,9147.60609669258,9485.36205942441,12403.538792780982,14203.82835384124,14836.990144337924,11267.012738529591,16025.997685993683,17782.055198559472,13781.483778173915,12040.1801479247,10160.948073357036,13061.425981758732,12405.888135186276,10010.03035511744,15548.301686785524,15213.910146033504,10939.144838581275,11134.09286911399,14507.169770096358,13649.903781984227,15165.215033625771,11072.326549712676,16629.968814556974,13457.066109139421,14330.320844202854,13566.810324682012,11183.909327370366,15302.79854609438,7942.818880546106,13510.482696735537,9443.30198738298,17775.060974536675,9879.395519625265,11319.368258191364,12793.162389907951,15147.407939855835,11199.683981492046,13612.44782373213,13368.795363557381,11894.913056497624,12899.02499433999,8053.17508443125,14025.183918557701,8648.678206471144,11368.45577888457,14041.888923408967,16271.165452495636,11428.882077701333,9692.48495611185
10721.89957633639,11468.142618471044,9055.631280200825,9046.410314203506,12322.184964922904,11925.430392445956,14390.066418972921,11267.012738529591,14974.681755472564,17782.055198559472,13749.205903987839,12040.1801479247,10053.660910910541,13061.425981758732,11910.566994358029,8987.08420980231,13644.775535820972,15213.910146033504,10939.144838581275,11133.377442555746,14507.169770096358,13613.548122248696,14581.999567852456,10688.334564043986,13838.547051716454,9943.415284804341,14330.267261023137,13566.810324682012,11183.909327370366,14459.997980885297,7762.057940121749,13510.482696735537,9130.45804823219,16431.498343674328,9866.701276476775,11319.368258191364,12793.162389907951,14360.433905601423,11199.683981492046,13045.293446075877,12824.59670089525,11894.913056497624,12899.02499433999,8053.17508443125,14025.183918557701,8648.678206471144,10776.412399986079,14041.793727868542,16271.165452495636,11428.533049440415,9692.48495611185
9860.371991999526,11307.727558900584,8879.159100822159,9046.410314203506,12322.176375805017,11256.31860476365,14390.066418972921,11266.8130490102,14973.376516189008,17782.055198559472,13749.205903987839,11885.078329539501,9874.112697126948,13061.425981758732,11583.848404324777,8987.08420980231,12518.450764469982,14805.806863380643,10925.78083611035,11132.507462876552,13680.912148716416,13613.548122248696,13644.061985925375,10672.349809324718,13763.173149099992,9942.621275810172,13982.901265570936,13088.62592300722,11183.909327370366,13977.512595141448,7049.783601519095,13497.638916884322,8729.77195977177,14820.24793997212,9714.096249390652,11298.754948039046,12262.154702508242,14360.433905601423,11195.912440995018,11839.8997418385,12824.59670089525,11832.407105925397,12413.014112437217,8053.151860819178,14025.183918557701,8634.38808572069,10754.172267961723,13740.478908701969,15548.736963071658,11428.533049440415,9601.091408647388
8666.046583812255,10312.61659644992,8844.075365888662,9013.346676969726,12321.735043211122,10819.505984142163,12768.032334015623,11233.372303018363,14967.425915419535,17207.6356681608,13445.771150880442,11885.078329539501,9645.015144326097,11301.81809139684,9959.336549799027,8839.273493673441,12518.450764469982,13984.891836890498,10456.151540641878,11129.996777900713,13680.912148716416,13345.767095026833,13643.070473494154,10672.349809324718,13736.143607313037,9731.7123541579,13900.14698525696,12405.483457411774,11183.909327370366,13170.498230999947,7049.783601519095,13497.638916884322,8553.309572211565,14820.24793997212,9714.078310382623,9843.606235163285,11743.365583861983,14095.777680966927,10560.124640480324,11839.8997418385,12327.171741229227,11708.986335685726,11765.227667765754,8035.452700264507,13868.914495354882,8216.64457537859,10754.172267961723,13719.535699950648,14396.314686835985,10762.87214012244,9185.927605883326
8568.63252287057,10312.61659644992,8649.722016088896,8621.184025724135,12002.351825032074,10819.505984142163,11940.349303528608,11233.372303018363,14618.188748173172,16368.865614077116,13445.771150880442,10484.221753418029,9181.298602994262,11301.81809139684,9388.844095176843,8662.291024379418,12518.450764469982,13984.891836890498,10284.902005368713,10127.86046153692,13134.366422916688,12734.834430778974,12658.722498825146,10533.754083415903,13579.073503006373,9602.186783318786,13900.14698525696,12243.401243240602,10733.340057485551,12826.50834201178,6624.912611283243,13454.05031645584,7769.29998588435,14820.24793997212,9346.014630498194,9843.606235163285,11702.728568714258,14095.44467382144,10085.170411016312,11633.59391440016,11590.969182285156,11424.527440126081,11765.162179205014,8021.529994266099,13868.914495354882,7120.412934537422,10754.100816609465,12859.375080134942,12640.461899931779,10762.87214012244,8982.976064817622
8568.63252287057,10128.114919658063,8640.125568605441,8613.453811899966,11935.7350501803,10819.505984142163,11940.349303528608,10354.43738979634,13625.843774138702,16319.687193986316,13445.771150880442,10481.089053509893,9181.270220896546,11301.81809139684,9388.844095176843,7500.341560415974,12518.450764469982,13984.891836890498,10284.902005368713,10125.280635485049,13134.366422916688,12734.834430778974,12281.77596843219,10506.724025703534,13579.073503006373,9602.186783318786,13900.14698525696,12021.900908766702,10355.24471056267,12826.50834201178,6624.912611283243,13454.05031645584,7769.29998588435,14820.24793997212,9346.014630498194,9843.606235163285,11377.125614596502,14095.44467382144,9398.10350449947,11107.73623754799,10963.719367802809,11424.527440126081,11765.162179205014,7926.952315384976,13822.350821547483,7120.410095323947,8890.895203011234,12304.560805889012,12640.461899931779,10735.092028256224,8054.182519115626
8505.367450604643,9796.365733825232,8640.125568605441,8613.453811899966,11739.457246824943,9873.78575611697,11940.349303528608,10231.773902257433,13625.843774138702,16314.621526674839,12969.045876362192,9684.437748690041,9181.26046376106,11076.601514013486,9378.610176947399,7193.127757947858,12506.812264744027,13666.913333614662,9952.673844160028,10090.91997000232,12544.333238777182,12570.513077562573,12217.634675033209,10506.724025703534,13426.098941115219,9293.468845250918,13900.096145309573,11589.047827091128,10197.614637293289,12826.50834201178,6624.900545052266,12947.536512152034,7756.023253217289,14820.233739902476,9346.014630498194,9843.38795282681,10338.743651216248,14095.44467382144,9398.10350449947,10886.35499833472,10963.719367802809,11360.380160280005,11765.162179205014,7926.952315384976,13440.443464080463,7103.416256847744,8890.895203011234,12149.314142766527,12640.461899931779,10515.211182441639,8053.569129183166
8253.654337869415,9115.024663685532,8015.2531180713695,8135.253667228449,11031.35589826029,8820.847440307425,11649.960148661079,10231.773902257433,12833.029188883025,16314.621526674839,12969.037422794247,9684.318258209729,8925.794768715714,11076.601514013486,9288.570942918366,7045.581869369198,12506.812264744027,13428.618652363431,9935.343933965694,9206.381115929169,12162.09093433305,11513.040558309605,12068.351407979866,10177.07315244405,11374.014735974883,8926.206129810806,13459.884313931196,10803.231245789999,9699.579657255139,12826.50834201178,6416.135057812369,11984.738044110241,7756.023253217289,13946.795271343537,9346.014630498194,9328.496626038428,10338.727201452453,12183.22368581284,9326.369412068332,10886.35499833472,10963.719367802809,11360.380160280005,10739.742634970564,7770.283258418439,11486.259783875286,7103.416256847744,8890.895203011234,12149.314142766527,11244.313513102305,10515.211182441639,7999.232070493768
8253.654337869415,9115.024663685532,7825.2231489925225,8135.253667228449,11031.35589826029,8421.09349173303,11649.946780063417,10231.773902257433,12649.060721556456,14194.45859344503,12953.743805842625,9433.550983089739,8925.794768715714,9793.894042768057,9265.888938166569,6572.348805668489,12506.812264744027,12649.830495340739,9935.343933965694,9206.381115929169,12162.09093433305,11513.040558309605,11894.834166400251,9724.200363509222,11374.014735974883,8926.206129810806,13295.974308386203,10243.283995428274,9468.509191560577,12715.204670727308,6416.135057812369,11835.203006315956,7680.008472397376,13946.795271343537,9025.565100250189,9328.496626038428,10338.7210976601,12183.22368581284,9115.668853549523,10885.42836740132,10134.030327560642,10765.481013986304,10739.742634970564,7770.283258418439,11486.259783875286,7069.770640557943,8677.69561574655,12014.662894181565,11244.313513102305,10063.919205343664,7811.055967187381
8253.64839980009,8815.842637628002,7785.9680180615915,8075.226838847667,11031.355842960482,7941.604865858431,11275.848354279422,10231.710567433904,12649.060721556456,14194.456007417843,12821.699394117652,9433.550983089739,8925.794768715714,9428.905272463737,9262.294355604758,6572.348805668489,11629.245880613316,12649.830495340739,9761.809640821735,9206.381115929169,12162.09093433305,11513.040558309605,11698.558388462548,9724.200363509222,11374.014735974883,8627.876466524038,13295.974308386203,10243.283995428274,9457.605548904998,12715.18166027436,6416.135057812369,11667.460147645512,7606.637657181544,11796.29394291129,8923.437462266864,9230.307797209178,10296.914437135103,12183.22368581284,9115.668853549523,10459.827875752919,10016.719775914744,10765.481013986304,10739.742634970564,7663.10451951661,11164.067161332137,7024.165763677511,8507.531580286948,11949.064233622006,10590.063598852328,10063.903173583907,7808.64219068078
8174.059182464918,8815.842637628002,7700.8380736592135,7739.8706237843935,10900.111304683476,7928.963021031418,11270.232147121129,10061.686332814312,12010.737865807405,14194.456007417843,11961.713220743006,9433.550983089739,8925.794768715714,8370.187677237205,9260.606269966733,6426.154397430417,11629.245880613316,12649.830495340739,9761.809640821735,9140.785292339358,11388.523081838399,11513.040558309605,10517.25495874257,9633.085748646137,11374.014691126098,8530.564069870961,12504.523275080925,9143.625721206558,9456.253386205757,12683.646407338221,6416.135057812369,11503.432019267126,7606.637657181544,11796.29127928594,8696.29128422463,9230.292504804343,10207.51932765157,12128.128415630232,9056.818281911896,10412.61820648327,10016.719775914744,10765.481013986304,10722.116885928415,7545.835189281601,11164.067161332137,7024.165763677511,8507.531580286948,11576.178580499445,10590.052786727581,9639.476162175959,7539.276528100743
7798.708317297459,8815.842637628002,7593.14918585853,7728.677559323669,10853.864545054485,7834.110812257636,11046.28545925239,9837.873991175644,12010.737865807405,14194.456007417843,11961.713220743006,9367.015163983524,8879.935324150742,7713.174340722957,9260.606269966733,6426.153487504719,11628.841077690788,12518.238915746162,9761.809640821735,8106.948683849818,11130.627816241009,11331.996854803687,10516.938480449047,9185.186815895948,10615.910255740228,8530.564069870961,12462.646021213815,9143.625721206558,9031.524435085521,12170.323333025137,6203.598319237311,10789.759872823637,7453.497802359218,11796.29127928594,8566.948524695039,9024.837470927167,10203.839339746686,12117.52186419296,8427.44840710404,10412.61820648327,10003.684084267436,10301.233560003022,10547.03048182206,7490.11907469072,11070.392419640651,7024.159055558648,8507.531580286948,11576.178580499445,9406.166818334754,9639.476162175959,7539.276528100743
7798.708317297459,8812.790245195736,7487.017848349517,7519.1177972921605,10154.083212538217,7834.110812257636,10833.134614431905,9837.873991175644,11961.346521290321,14194.456007417843,11961.713220743006,9366.76373758688,8793.69367457059,7713.172994963461,9105.634925803952,6426.066794147361,11291.59401091375,12123.427196613313,9462.790088950893,8027.782315864581,10505.289527390001,11331.996854803687,9519.50293143024,9185.186789007814,10281.933611223683,8530.564069870961,12461.017661893553,9113.844685971118,9030.860756629201,11682.273824420081,6203.598319237311,10789.759872823637,7453.497802359218,11259.375211373721,8418.204635701619,8905.198627110854,9938.62065796908,12117.52186419296,8368.40489409248,10412.61820648327,9996.278293629737,9948.082970713129,10386.713744889954,7290.906913430879,10709.519259097851,7023.857153714023,8430.52279635393,11543.11694260285,9406.166818334754,9637.612306197912,7539.168527223338
7798.708317297459,7662.868429205795,7414.653520802436,7404.213079090829,10154.083212538217,7431.146825018398,10428.320275074253,9356.152260315648,11900.867355725131,13733.486464634709,11961.713220743006,9280.963191391445,8110.438352945159,7713.172994963461,8131.962940190956,6413.46041423745,11291.59401091375,11963.695673987535,9143.465517370598,7967.40244381812,10505.289527390001,11331.649708078976,9190.112147561344,8955.098026567794,10281.933611223683,8358.338706612383,12395.552285844866,7934.520603331617,9030.858525769028,11134.233856660567,6203.598319237311,10789.759872823637,7279.548188550281,9962.275512347835,8255.617763926157,7946.321582930565,9938.574814975342,11181.92676050551,8368.40489409248,10367.7128033523,9507.759201085397,9650.80565795142,10277.604010951103,7290.906913430879,10638.028267561634,7023.844128227864,8257.73479443341,11303.476755831836,9406.166818334754,9499.727381822746,7530.077357396689
7798.708317297459,7662.868429205795,7414.08628537259,7386.68560907895,10033.987266100401,7431.146825018398,10428.320275074253,9321.348154683883,11811.277684558347,13725.811155673622,11961.701491318301,9107.068751946346,8110.438352945159,7522.597097634977,8128.895002353808,6409.560582636765,11147.166956436959,11963.695673987535,8801.15751925461,7407.356700025465,9511.087399768756,11164.267270956341,9178.626478455222,8396.332532508148,10177.73861564526,7987.117622543032,11101.53011607863,7934.514861182801,9030.42418777596,10774.74255751786,6203.403489483109,10789.759872823637,7279.548188550281,9955.235687703793,8255.617718718855,7946.321582930565,9232.29687317692,10936.127269565184,8328.88236611586,9993.454509466424,9496.139133921177,9650.80565795142,10277.604010951103,7013.221281450337,10076.233794547334,6905.570853767311,8257.73479443341,11220.545075114698,9406.166818334754,9280.502237717683,7387.892348150178
7791.2791061923,7662.299404510013,7395.313507909527,7227.989010630736,9822.932836524822,7142.257508763733,10213.492516549963,9280.6205910924,11782.416737788597,12955.02731404825,11779.724586098933,9091.807641806641,8039.359687678319,7070.851585390425,7986.702596083068,6355.951285631467,11117.106626578488,11820.344026556219,8801.157423988927,7190.857457841249,9511.087399768756,11162.290433149645,8698.552482990035,8396.332532508148,9984.306596882063,7985.156572258526,11092.474163558465,7934.494015433995,8497.241647081106,10774.742454400648,6203.403489483109,10274.393634481754,7274.560364341101,9955.235687703793,8159.665072552,7945.20645513265,9232.29687317692,10869.168562859813,7888.4932467359085,9737.91291141338,9496.139133921177,9194.82108903467,10277.604010951103,7012.992484866896,9986.074626503785,6905.570853767311,8222.955871248374,10437.534308678027,9406.166582103873,9280.502237717683,7377.666707744482
7486.869181998238,7399.040274555845,7216.04671774392,7175.695826877232,9776.273677634555,7022.200037653136,10213.492516549963,8896.006463291857,10732.341248410836,12582.673419506249,11779.724586098933,8597.839162505197,8039.359687678319,7070.851585390425,7986.702596083068,6355.951285631467,10288.948571581794,11739.013506704774,8800.505171636274,6781.675625192785,9511.087399768756,11162.290433149645,8698.552482990035,8230.055753267072,9984.306596882063,7892.672776107642,11092.474163558465,7617.466165841752,8489.676110638491,10516.921466435268,5992.583873879137,10274.393634481754,7274.560364341101,9842.044569603175,8005.989730293693,7787.124637844534,9003.981125020116,10869.168562859813,7667.756514237973,9734.457362997064,8655.304847919044,9156.129072559928,9964.246844005422,7001.7461892190295,9986.074626503785,6687.9940110984135,7772.557191196301,10304.377381729768,8870.882306627213,8888.364485929991,7149.516972869677
7486.869181998238,7395.5982526845055,7092.829269095104,7123.638456632244,9679.833845391831,6824.286422563073,9620.418002048678,8896.006463291857,10732.341248410836,11705.79318244637,11761.538363688802,8597.839162505197,7703.5901904126085,7070.851585390425,7986.6914080471715,6043.894023459052,10288.948571581794,10803.39161070517,8443.52180301877,6781.675625192785,9131.986385892335,11139.546054542694,8698.414077172034,8198.772422186605,9258.41188189654,7756.010382034198,10635.422893007231,6916.9523198474235,8390.066302344541,10060.24512684319,5915.387485072613,9762.691811628989,7246.614593651953,9540.055126133218,7901.1332078486375,7695.713045672155,8673.029502468702,10868.995062421038,7667.756514237973,9058.130624348654,8655.304847919044,8568.024712216242,9863.497300970568,6813.9176733843615,9826.006162704154,6687.991752554779,7517.546723319846,10304.377381729768,8202.0811146454,8533.6219165806,7142.464129785986
7436.437502017118,7244.083650846339,7092.829269095104,6942.839708738637,9172.797565602628,6708.2939722002475,9620.418002048678,8444.783465678427,9923.45241291511,11705.79318244637,11703.708949276213,8517.53207446374,7703.5901904126085,7058.146105293661,7906.986610595458,6043.894023459052,9936.72986874102,10803.181259376766,8439.04987400836,6781.660551504719,9115.223366113272,10937.854827143528,8697.616163725112,7931.679790484854,9258.41188189654,7752.931248341336,10635.422893007231,6916.9523198474235,8234.452917698109,10060.237719939776,5872.471679438871,9689.590760786663,6811.728717523708,8857.471827481722,7729.628278024054,7681.060214941272,8618.327949682813,10841.59304201035,7552.930699369464,9039.502714624461,8653.995040967977,8409.092962970426,9817.84763845435,5885.463323226468,9575.771404114266,6687.991752554779,7346.579966898478,10111.907277266415,7251.82098397311,7238.521541574051,7142.464129785986
7436.437502017118,7094.586135901942,6873.612794312251,6733.711595879741,9003.37147070916,6708.2939722002475,9360.462772039411,8444.783465678427,8858.791709216264,11705.79318244637,11703.708949276213,8016.923773431145,7703.5901904126085,7048.1926109523565,7906.986610595458,5969.00795633732,9753.376986224495,10623.569738744012,8277.472252822985,6675.20730046712,9009.21038476338,10937.854827143528,8695.339886586886,7900.669499535369,9258.41188189654,7552.963503115914,10635.422893007231,6912.25949607666,8153.69873887864,9551.697335253273,5872.471679438871,9681.952105616712,6811.728717523708,8709.630803833528,7729.628278024054,7448.7171140697355,8616.253616936694,10841.59304201035,7552.930699369464,9039.500971325193,8279.607067461495,7690.396481009014,9767.513293101634,5603.582202694015,9575.771404114266,6597.6299179382295,7346.579557629477,10091.460144416975,7251.82098397311,6833.630337755738,7058.381395678334
7307.707459821156,6929.748226350395,6743.695028757931,6733.711595879741,8917.82157162676,6650.180803300946,9028.067685530721,7838.708306935961,8858.791709216264,11704.519136693125,10483.861188195226,7949.616902373731,7260.415779670774,6850.946603268602,7906.986610595458,5969.00795633732,9753.376986224495,10154.271339180797,8277.470461562632,6675.146429810939,7910.920586247493,10312.771972595223,8561.824535333208,7827.794603337466,9258.41188189654,7552.963503115914,10419.212768951744,6904.947550100561,8104.444719670089,9551.697335253273,5872.471679438871,9666.706022347667,6796.884320825269,8709.572032503092,7265.600171615847,7448.7171140697355,8425.758375576397,10285.903895547452,7335.768193740317,8852.825555794529,7959.4173361450485,7690.09803648319,9072.088592365515,5603.582202694015,9447.501507224753,6229.686305536767,7346.579557629477,10028.968951828785,6961.327546400615,6833.363107471507,6745.211364575671
7307.707459821156,6888.298545309465,6743.695028757931,6621.782045322921,8791.090072472314,6639.7720231453795,9028.067685530721,7838.708306935961,8858.791709216264,11490.234151274,10483.861188195226,7512.235804404529,7196.26986691641,6850.946603268602,7906.986610595458,5969.00795633732,9338.741472835613,9703.37992504161,8277.470300652853,6630.506691756063,7910.838971189272,10312.624719632116,8561.824535333208,7779.601426123271,9103.087135714468,7164.585509484616,10419.211574973144,6904.947550100561,8062.92564456789,9443.551075540443,5858.566608430934,9525.318224394096,6437.723407731613,8567.572086257453,7265.600171615847,7448.7171140697355,8003.344987078803,10285.903895547452,7251.696559800279,8773.386734489412,7959.4173361450485,7690.09803648319,9072.088592365515,5400.66096815548,9261.585171733304,6229.686305536767,6595.116885474298,9944.118066823876,6961.327546400615,6824.417969135746,6729.385689899527
6607.7585227666505,6877.121474925752,6743.47976764435,6621.347891194778,8575.13508051796,6375.028368981568,9028.067685530721,7818.275729692993,8858.226291864314,11490.234151274,10356.009991638988,7512.235804404529,7196.26986691641,6831.3874354301015,7764.3615616013785,5949.931152459367,9338.741472835613,9703.37992504161,7991.14067959089,6630.506691756063,7910.838971189272,10290.737374379978,8378.914032260382,7723.7181791532075,8985.69912799857,7049.325730387605,10394.63074818388,6644.138313333657,7882.035844412281,9443.551075540443,5723.009903802909,9520.562539374849,6325.989501243155,8358.157193710067,7131.454645737555,7064.5908919990925,8003.344987078803,10285.903895547452,6781.9094606620365,8517.576055501791,7946.310335945262,7200.9166979602205,9071.525781201217,5400.649394618895,9184.52180708063,6229.686305536767,6595.116885474298,9599.753055233632,6961.327546400615,6590.130721545476,6567.738830543594
6607.687124382435,6684.315999067773,6616.828758517125,6621.347891194778,8227.615257032616,6313.330569369751,8660.761487420063,7768.44326111999,8660.423177962211,11432.690498146654,9726.384905104398,7007.669315075575,6990.8665056849695,6808.579333217193,7764.3615616013785,5945.528297443783,9197.993932210611,9579.622391004312,7991.14067959089,6495.788356764842,7910.812017744785,10226.180907127564,8369.34235380118,7626.632071032864,8497.357598420902,7019.894641387769,10251.092012279762,6613.967403147453,7750.699307057465,9355.391255792709,5644.880680892331,9451.991660698139,6259.628015293721,8249.90508946581,7046.699522305653,7064.5908919990925,7837.343014771584,10077.88400156777,6781.9094606620365,8416.432766603004,7846.890819234621,7200.9166979602205,8899.849834392327,5390.43837435638,9184.52180708063,6229.686305536767,6595.116885474298,9599.753055233632,6748.567425814984,6590.130721545476,6567.49500385228
6543.873774294366,6585.8641275827995,6593.005232697722,6369.214853428422,8227.519201438217,6313.330569369751,8644.483092632338,7597.77853404491,8660.423177962211,11199.77470508597,9726.384905104398,6933.5626776993095,6990.861707705394,6714.649693499781,7632.91481318138,5884.47824615878,9132.564313179175,9211.311123555974,7920.471208429257,6495.788356764842,7739.194881414493,9843.18962737919,8162.684586406687,7577.3820197281875,8497.357598420902,6972.973892595908,10022.155626528267,6611.993647009787,7750.699307057465,9355.391255792709,5436.47256519945,9362.403831670887,6006.126817278417,8226.654066399746,7046.699522305653,6992.466985331745,7693.585532588641,9982.893445919683,6774.236401348507,8416.432766603004,7846.890470048113,7200.9166979602205,8899.53217562634,5389.6866987488,8956.15002442724,6229.686305536767,6537.928130558067,9287.73955641567,6630.4367568066145,6140.685088569545,6424.062930572256
6514.773720576424,6478.856019149333,6447.48226390434,6369.214749803929,8043.7307056933,6281.262401880607,8644.483092632338,7554.738785226389,8660.423177962211,11054.266089058448,9666.888381538258,6853.658757466027,6990.438929801041,6714.232161739529,7582.449219152067,5884.47824615878,9097.713680110879,8333.71945124475,7775.510790124772,5152.945457925871,7570.909800631426,9843.18962737919,8162.684586406687,7528.381301131497,8323.038419446093,6972.973892595908,10022.152282884508,6611.993647009787,7750.676636245496,9257.185727628887,5148.837296451251,9337.941707593363,6006.126817278417,8106.54196894741,7004.372788912061,6992.466985331745,7687.810767390854,9962.174549783289,6659.470141941826,7910.770603255442,7598.817860862661,7085.400242900866,8899.53217562634,5305.385385809099,8933.860825938149,6229.686305536767,6537.927396460691,9287.73955641567,6617.08410382592,6104.973490605142,6147.267417156426
6485.819050377097,6339.939123448687,6447.48226390434,6368.497764114841,7830.339802355409,6281.262401880607,7921.701844025768,7222.861521202174,8660.423177962211,10695.64116808892,9666.888381538258,6515.100685472604,6982.134290421004,6603.298389488319,7455.50612402734,5854.04597220009,9068.066729551203,8333.71945124475,7714.6556953111985,5009.834933132027,7378.223195462426,9553.821433592102,7786.441889697219,7528.381301131497,8299.96869669345,6682.589926581868,10003.077112655274,6577.495785591824,7651.9319192017565,9257.185727628887,5148.837296451251,9270.824442036916,5877.6591428619195,7598.574716773586,7004.372788912061,6783.719715764404,7451.195092235188,9959.533658268932,6402.008901197148,7910.770603255442,7598.810110344488,6989.787755643509,8899.529197279242,4979.210921131839,8821.050748414978,6015.632412771198,6537.927396460691,9287.277893760789,6509.904393508505,6104.735207495072,6147.04815355657
6485.819050377097,6339.939123448687,6447.48226390434,6368.497764114841,7830.339802355409,6281.262401880607,7921.701844025768,7222.861521202174,8660.423177962211,10695.64116808892,9666.888381538258,6515.100685472604,6982.134290421004,6603.298389488319,7455.50612402734,5854.04597220009,9068.066729551203,8333.71945124475,7714.6556953111985,5009.834933132027,7378.223195462426,9553.821433592102,7786.441889697219,7528.381301131497,8299.96869669345,6682.589926581868,10003.077112655274,6577.495785591824,7651.9319192017565,9257.185727628887,5148.837296451251,9270.824442036916,5877.6591428619195,7598.574716773586,7004.372788912061,6783.719715764404,7451.195092235188,9959.533658268932,6402.008901197148,7910.770603255442,7598.810110344488,6989.787755643509,8899.529197279242,4979.210921131839,8821.050748414978,6015.632412771198,6537.927396460691,9287.277893760789,6509.904393508505,6104.735207495072,6147.04815355657
15903.976138071619,10038.06462551984,18924.27035855084,8490.04412402295,13938.741494224667,11170.257940776843,14105.237502982221,7847.966157801146,13196.346404894135,14627.926562286906,16566.344227052323,20583.451791927924,12312.98824560562,10014.62681483298,12474.363220610596,6955.488193253716,13154.438210520128,17058.41478096749,12338.13147025027,13246.397335329615,19440.674391622088,20712.246968135958,12636.802144596868,21842.79365950694,13385.167093997787,12588.504499091312,14000.812442262099,14401.00379365005,14718.642205807333,12980.378353825688,9981.141555421085,13741.808651406187,8810.221267928626,17387.2943051199,6849.7782498317265,12657.455820082032,14323.156703320128,19434.764800795452,8827.420605617528,16947.74101311065,20045.518580078366,9596.387392596545,13980.020915620766,7695.51257082159,13264.02013032609,14880.441420389287,11178.813281183146,26232.415653974233,9235.74682511582,17169.905955163576,16254.292591348436
13611.7925091662,12344.24567091718,12891.584148926482,8421.066074429595,13295.654737531218,8948.07030686955,12089.271646379437,7427.680164088741,11141.08472257374,13044.385569476599,15487.649093623217,14032.498816151041,10409.99035701813,10045.53026924713,13014.955413084303,13957.062819311004,14168.077748428366,14706.541783820476,9035.372543849808,13207.868539592973,15786.23324844393,14133.686917787163,13850.916087650665,17420.936870795565,11336.581616834019,7740.389723156433,13440.298741324728,11204.81262420769,11888.710654067207,14063.161705360722,10343.039540635926,12403.530955495999,8586.862006296134,13467.604302556229,11775.48929614468,15310.150706465833,9631.597862607287,13698.236714866185,12524.072990787758,13381.65746845374,13827.544757259888,11067.868530485386,12116.691279251752,7335.664288611457,10543.101796302466,15629.163453262589,8241.863714392239,16484.027034369294,12523.454881704653,7552.124045362748,15057.182122581238
8740.54640618006,6821.837906035692,10288.534959614652,8452.292459432561,9322.056073519028,8705.628779890867,10001.879452736743,8833.241003929877,10471.122486902583,10457.030276981419,12312.532123739466,9887.171128409518,8862.12693727912,10122.144608449336,9778.675473183346,8662.241830740968,12384.377514198888,11753.378988281747,6463.587374797515,7621.008940461959,13483.51340060947,11990.282431867743,11018.358125275934,11788.039396901135,9976.04903303057,8171.54616696505,12665.083795678918,8403.129988397686,10774.537972758644,10451.504948177391,9321.389741916148,12467.590135080001,8624.663203654629,9524.899977086203,9840.049934772664,10863.692638241966,12983.111771035981,11008.341226635464,10575.047148962258,10503.281367915886,11551.913424238815,8517.409060836675,13233.58561815629,8027.433494275332,11272.651550562128,9347.418771937473,10713.99516338628,13387.463786215889,10083.7121527558,8656.564008787893,9806.18920059936
10296.014229863638,8530.363692398645,11431.480805123696,9357.62391221221,11098.077162812777,8998.764747034573,8269.993312200588,9685.32660905955,11178.104145227766,10834.833364584603,11233.026729330031,10081.99797271082,10207.20857624037,8370.250745755979,10291.14387401839,7804.706983397944,12522.038450404354,10575.479194670581,8507.422273034106,10258.841771390842,11558.374606355208,12914.262802584053,11671.966902547596,12429.536003772606,13972.591714519178,8422.92716719049,12749.349285057657,7673.800153451204,8432.87105342536,11852.077298160511,8711.415312146286,9933.607874862493,8492.826232633268,9053.568640924772,8424.213502914352,8576.904932015683,10511.883839714148,11642.993164270854,8789.345432658894,11198.392072409224,9262.483449541762,8156.007628059159,8927.876645043612,8182.838164561739,11054.267438429742,9464.488693852036,8324.520889464124,12397.6119215294,10677.972385280653,10746.891117023155,11242.14926637109
6904.342605979784,8068.460779195205,9138.913079000355,8717.37676330416,10659.46893673441,9382.375751128613,9981.85546546019,8718.09501653511,10453.77993720478,10964.188600811638,9604.498780607553,10116.773074004377,9612.833027311599,7334.765828110091,9324.309395548189,6431.054014496359,8852.472350587446,9658.602749320979,9891.441384673224,7716.298955367097,9772.565616272193,12639.205079385534,9286.042103118913,10786.078453847698,13292.85716813498,7245.239189834621,12441.766238934431,7237.021141169366,8336.889375191988,11898.637502443433,7993.488545500398,8284.349307815854,7233.815324687198,8412.566989478291,10153.725529082296,7851.226110839277,9295.517776045119,10241.494007129857,9547.701212980784,10236.44858941017,7715.423032027364,8949.535995434297,11156.00018632833,7150.532815470001,10405.64328535312,8901.972577059872,7339.335135525227,9423.502170932043,9998.94769790278,9729.810324571741,9917.756612517918
6835.554458951666,7438.595343925365,8567.942234149303,5934.994902806589,8171.589355896948,7644.486969223444,9048.88034351088,8226.811781603674,8697.53395157919,9556.67536258225,10647.265644757801,9039.017783477375,7784.087869142247,7878.060710312186,8106.6540139140125,7666.639377013709,9900.123468368645,9901.381906662707,7561.386204962106,8635.51286616203,8850.42782666133,10586.371588918197,10572.994516394856,13894.289084937438,9315.753275156683,7950.955019067303,8039.219808126735,7918.4895271151,9000.729852616865,8695.898590991013,6790.111644126719,8726.507834036269,7006.937514666709,8275.905409042114,7004.199363477868,7660.587069746707,8780.730281831578,10023.149114036903,6742.271537055225,9615.084120626383,9935.712556616887,6823.660088766254,8882.364551743878,6920.922628901513,9563.243455661252,6382.918731030643,9442.865156336953,10629.515964174647,9224.422691366768,8309.756818783364,6346.646590451146
6719.435202979556,7607.93358697627,8875.374119428898,6608.309390537862,8580.38007367321,6531.794483882509,8818.373252046134,6959.388909031693,9124.13779744805,8123.684203499989,10359.240933026356,8926.119376472696,7922.441508977614,6364.098349009073,7300.727886186105,7059.73035980715,9273.322286936418,8692.709453003552,7438.554475756133,6330.944437186998,7160.192210705618,9914.775789306208,10226.29996983635,10450.703049025478,7691.57496489965,6510.098302835487,8459.043159287869,6958.095878492275,8556.67690260912,8406.84357494507,6458.106112576863,8938.094138742708,7318.263184894412,8322.151418237652,8133.095976261232,8663.7331877203,9082.466243173963,10089.022237009383,6146.458420396686,8366.220011427127,6886.185852131659,8195.444330796512,10598.839492099272,5637.402426741796,8149.883426374512,7018.52214367614,6384.956082700279,8884.826557225557,7384.313759410901,9286.073336299389,7923.507550341053
6784.732734336386,6789.035414906585,7458.584730247581,6512.122158417585,8447.551814484694,6860.178169749151,7112.292998035505,6770.2738939221545,9710.855023618946,9244.092799562915,10145.982092322836,9276.22650152523,7352.402218013191,6481.854261862212,6871.003195055472,8157.852600438746,9578.420677102262,10461.0098842394,6515.963664587665,6456.421145524653,7786.060983423573,10542.034296306398,9444.1859991526,7903.644712739224,5598.302768925669,6060.474780860329,8812.830899255037,7870.063793663081,8167.006641203886,6770.777605253867,5886.509980059356,8151.208785316629,7484.86189291998,7893.264551081076,7456.6009403455855,9599.040719379956,7395.787337479165,9433.176046933095,6982.237298282001,8877.80709787988,7746.785231493237,6730.130207416305,9766.045716872239,6267.7845437248225,6562.990136729527,7019.444983068501,8002.57947706857,9343.672196009295,8229.992520300213,8502.964827145683,7734.114874553657
6298.645065923083,6771.455245589347,6822.882988719235,6772.612837150715,7194.02646831725,6411.9521959475405,6177.642138365001,7604.052428936185,8637.437993575806,9115.710867022466,8555.889793421997,8508.819821148209,6929.688844207492,6857.791057282287,6025.960875376923,6535.943129970459,8832.147595856524,8108.857345436989,6798.26260326722,7283.15172820923,6887.2298949016895,10024.140520956884,8879.704245395318,9709.717756768121,6373.798776031988,4804.728528412151,7984.713748705945,6800.059387137984,7804.658574397918,6615.991910859759,5600.1849188885535,8115.5075636085785,6704.30973789551,8228.583587040654,7707.074340439891,7521.49009493881,7330.922070902104,8624.293601740032,7165.204773349075,9186.715394631061,6801.480741547159,6558.038887655914,9020.952428582945,5917.248977963415,6712.086532627775,6162.14603256012,6984.629904645083,9989.541522816986,6390.549675241314,6488.178672555674,7020.386768647515
6159.662411732705,6223.958576390574,8001.905352447863,5560.861333985593,7583.487915644238,6396.3913472654685,5383.965618900467,7037.6619736216635,7471.071517690631,8664.645559297518,8026.531356061254,7950.649955536919,6804.107041710876,6398.800518101964,6444.757281291627,6939.24878566735,8846.729393134847,7438.826747795663,6672.001948671402,6000.443747431451,7355.007239829489,10136.788911634525,8032.011881519824,9966.711699069796,5955.798188969458,5270.26563123937,7053.4470481661865,6201.958090611726,7054.185664377727,6380.03275933118,5547.833555452498,7135.576358480218,6168.236542272107,8568.386914890907,7816.870399447011,7685.620709763898,6486.909954007988,8748.271194564937,6560.62896190063,9082.492480464514,7337.176238714178,6529.760217786887,7844.737775542001,6501.483586258673,6294.731870805459,6424.575601202771,7644.88033744194,9757.996054659203,7138.465094314755,7164.922795021941,7228.713106097713
5872.9135738252835,6697.875301611119,7493.988005534116,5848.548972482027,7333.308690741371,5948.974493388512,6030.233041901924,7051.819781172467,7134.248936990817,8537.405668776093,7633.4116132927575,8544.156648605142,6776.560777532442,6151.3209781398955,6209.197697952659,6077.378923915435,8580.839016229882,7829.650171890341,6507.793220847062,5520.99843873315,8223.470558314457,10299.980059877542,7132.176061798459,8778.510444584124,6771.160872363161,4142.7841633167145,6530.078018819661,6299.762228771767,6698.508829894078,6403.6502772698,5468.89771880546,6901.942599111486,6501.355851419919,8360.68095465878,6476.67345727471,8452.939871527455,6040.613879443939,8136.58130545766,7482.070641809962,9275.565582674917,7012.570765041291,6015.449015037249,7898.374413632026,5782.170348727435,5983.056603673979,5573.835708689501,6427.151124878322,10065.281592610085,8482.695822412781,7164.703822375385,7411.221736232422
5798.8677972418145,6430.894698939691,6102.886507204639,6183.901692444764,6329.051420705626,5204.438896655616,5955.142730782098,6626.942661636314,6795.872900574925,7777.473980092442,7311.749086046336,8225.994776915884,6198.337808435599,5718.658262049368,6713.5105068958355,6285.35083663928,7370.831231540153,8951.930821270962,6531.77712432853,5343.453488582698,8233.556810138656,9910.284529127646,7852.451227617263,8044.071248655563,6097.904206893854,4405.745130785632,6129.211112231749,6013.76044267041,6342.059052913066,6369.479594720575,5319.141865616603,6370.28434405979,6334.763164600826,7213.215469009478,6020.994661607657,8256.234789080076,7023.038005203876,6858.165641520961,7059.178437953669,8465.908589004865,6252.336604367764,6339.895557306151,9928.99833914225,4928.749367199491,6401.47547001648,5449.085678829835,6282.928150643469,8891.657930659407,7581.93813491659,6729.779220583166,7449.112688472551
5983.127671675269,6250.636310527511,6536.241083365036,5537.390525981902,6750.230558905512,5131.922095411739,5080.798596956506,7383.231342309319,5999.913189503311,7607.638244056127,6911.238184203569,6558.227247978082,6918.404493334005,5706.262553990119,6237.749227572041,5991.112495903989,7078.291155320685,8069.148972631125,5598.59055375395,5046.565666783084,6927.718788163236,10943.016427482167,8079.745250344739,7100.515663746035,5503.955478797883,4130.331001942124,5594.300872646516,6169.89598549328,5928.217336922713,5760.473799211981,5206.96945519055,6721.914599859425,7033.569156221254,5856.130417404005,5321.98891207346,7076.854300535128,5738.627373086503,7163.3826433324,6778.283615739505,8157.9618248916395,5508.103223400071,7302.835136967824,7542.853216822233,5389.73585275098,4933.766271210774,5804.350441429038,6825.617606922713,9229.874942241095,7740.246831750792,7089.618185438089,5969.930413226195
5569.023975870423,6285.236338455541,6208.5931662490275,5224.339520629805,6699.375420779356,5058.288992127906,5026.752905992695,5979.3075717609645,5942.338370063421,6720.764933846108,6182.302611409645,7814.418550773173,5841.243054750435,4885.749586702572,6613.9021978733435,5667.994255797053,7686.896855615039,7804.756654676227,5478.758680222863,6380.5539522540785,7272.0659620141705,9559.55471360173,8238.784783094547,8431.030801925572,5624.831128509217,4486.064016304275,5947.309877163468,6056.83727141448,6046.696364547822,4975.768145467455,5153.554832161473,6607.142660424615,6684.240255365825,6521.249341856545,4990.383800725174,8263.934665838427,6894.510918086893,7897.980056286674,5620.444593079916,8452.958305077951,6696.277470276053,6719.046863125401,7724.764789979607,4964.595695629083,4931.058086826377,7187.734109916369,7142.573070634049,9675.161268051188,7875.116978623431,6561.813279553362,6296.720815331956
5625.332261897738,6367.525431654177,5767.117404027567,5319.967135610543,6282.996047525482,5255.412755182225,5787.462333353136,7105.545886471627,5512.175639713016,7060.18623380212,6609.192013950954,7789.596125124836,5372.806976148068,5350.72658877326,5310.0292321917805,6327.803385499802,6994.471489544845,7750.757663328659,5378.400605820716,5107.631572289469,6298.246173966306,9597.188897510536,7795.008180692073,9190.767314201472,5252.592564140061,4299.599975020528,5272.308866679484,5714.3038968621895,5650.621155061997,5109.605672192361,5714.645477463255,6155.111247971324,5814.953945491698,6321.440460372343,4912.079031617479,6699.331863857669,6018.097620393941,7126.072169622285,7044.131698887211,8357.73479034783,5635.909251820856,6497.673435939649,7979.0718259184205,5219.813765662915,4490.521427858514,5913.226511244582,6559.174313161897,7818.834644796251,7401.550374062538,7017.410886688727,6064.488579429608
5411.375004679121,6198.062964747189,6332.668149423515,5101.7873710616295,5695.951221761816,5792.253161533744,5644.355043206311,6874.248739764578,5814.190296369081,7327.365533408577,6314.493900711488,7124.547644446199,5265.1849768710545,5188.311375063342,5749.551013458218,6837.783456177092,7455.3770129578015,8722.667860780113,4920.660416535191,4978.048611454945,6502.737008960608,10159.860978300927,8315.417819937951,9209.65254168929,5523.118866625971,4343.019447110237,5238.354478487021,5464.530085094125,5730.316916174442,5046.903588192512,5523.658686159933,6518.113398717429,5712.137131751765,5791.435186224175,4868.444427394877,7173.936492762858,5890.153460569321,7413.645263870488,7255.8239151953585,8372.411910764566,6681.774571050314,4542.365448690489,7890.91220847726,5427.335456585733,4532.3178761088275,6079.231378334469,5780.848352995814,8816.043929440764,7383.69159576856,6694.033220500771,6502.3293026922765
5075.696966122148,6016.340280234139,6150.278323103379,4873.887884545056,5366.31678978173,5308.741727679449,5564.004178827872,6872.601422958111,5457.486941919053,7216.5474104113855,6855.340890519848,7394.527704785896,5661.767522412289,5048.472329871246,5045.6556863797405,5562.627846348869,6921.57890423004,7796.704636823908,4691.1547585960625,6216.5812328755455,5972.218005604552,9261.469700460151,7310.530184417945,8050.7260363841615,4916.295330475381,4441.709241494232,4953.555467909771,5279.536135666975,5678.179587972927,5237.31625044286,5448.518627488913,6623.615195407719,6202.931856787216,5574.054602842368,5122.31637798406,7300.400219874792,6159.375035786059,7007.7937601675185,6320.502994122045,8132.2221686385965,6009.422761348711,5011.025663275762,7409.073321081228,4816.55249989762,4623.921563581037,6193.904653131189,6608.282367526596,7135.903754328075,6575.083376402265,6512.929935731569,6643.996079443399
4922.97080209607,5743.12015452264,6260.53704050338,4859.262705328038,5365.068870637489,5332.277554789671,5200.833833115201,5967.965274335877,5618.916886872479,7028.47276342815,6206.018320518376,7806.345303463262,4978.730237631917,5054.442952747066,4908.075419285856,5452.123931350002,7033.493179222265,8337.303552336114,4616.825128511449,6876.4996195796675,5918.4103615781605,10108.219694971354,8155.331251408858,7746.891879136962,4890.244049204006,4277.274760850143,5562.671861369061,4799.286005168112,5223.308254100428,5280.707177515984,5101.21523103166,6347.86426332018,5769.581335105395,5316.507412999175,4187.774342601593,7842.953553221735,5942.490858483963,7268.363538307884,7524.0931627146165,7444.710062779612,6565.000107461557,5263.542080866544,7277.408726109408,5318.596907865191,4557.767345962531,5895.251646512588,5356.942020785456,8319.563028051782,7643.706122716809,6490.886327423881,6491.055363428836
5202.380109641385,5398.97085208701,6003.769416403382,4392.149828302495,5315.203776540431,5256.690152166442,5066.149621808992,5648.681781539321,5377.656770841094,7200.06388861781,5717.803510830894,6909.618551400043,5132.002700186402,4936.098839583565,5126.109419860275,5774.312537281202,7105.219500262194,7565.190884427993,4818.190614601749,6413.003646004214,5944.666476352299,9903.642782514507,6696.486874835707,7659.2718985746815,4321.289123692321,4189.169964915938,5346.295255366234,4819.4861984187055,5508.349747865625,5199.992514683223,4652.355022383752,6881.561685633163,6278.019804412707,5290.625361130842,4529.293553004719,6980.696892642774,5632.4497583799075,6925.2640816635685,5856.409843352546,7070.670303321533,5026.232655954946,4674.93973657086,7859.112936266771,4903.264369253476,4626.912446004364,5773.760513729749,5131.501743076869,7564.061476511808,7300.5430978102595,5838.895627951432,6856.911417070857
4938.807004960998,5346.37938884655,6309.570656359184,4335.6495154817485,5112.19139771076,4972.371761151629,5925.1820012790995,5820.78791721862,5239.033014820822,6735.584861782592,6247.179315001408,6881.236604987801,4970.7121211506055,4815.198146693,4666.862146206231,5059.223741692431,7086.119533410605,6668.519841673904,4536.984970782014,5721.456641468396,6101.746729875736,9643.401767083902,6981.542391064901,6936.078758176392,4880.230632296696,4217.289171617421,5451.953222927485,4723.5898302878995,5288.971350488638,4858.300738948517,4708.241918781718,6075.759215776426,6148.066858278076,5208.002535506209,4138.288556216812,6094.119427882877,5509.062921881616,6863.969467601557,6329.742895141403,7398.174156037987,6162.038111971589,4972.1950761553335,6871.241777809719,5616.476772560353,4526.488325683,5473.486197251591,5653.525498492541,8250.232594855537,7622.537694673157,6065.759808947187,6263.401064948018
5208.70024705813,5257.919060409918,5986.383385823133,4549.858864812264,4950.181064965363,4567.042916754212,5130.489398430814,5625.271557715199,5113.0922399976225,7477.292141654425,5652.184029275405,6749.244683285187,4874.057395827838,4588.716908604251,4596.4873281076325,5166.6332347821935,6809.086639981519,7071.113546209904,4326.217753936746,5213.578433882207,6202.556596569611,9441.715636616207,6241.490443885767,6785.572489455999,4406.425335999707,4348.999632643767,5006.264066223582,4597.835119017627,4912.611374107539,4840.3694877541275,4570.672598272847,5837.786100069726,5597.784010248998,5083.889512144715,3925.8147889181073,6768.064271768715,5408.194530367158,6650.404358035488,7003.301954455985,8095.156089323223,5131.103581654731,4407.554627653396,7091.810174654433,4721.194043782356,4509.225085202275,5543.699270262396,6642.160122653723,7642.964360108796,7167.752216397768,5747.658353882299,7054.60332052411
5014.93233314034,5538.24803524635,6060.2227260137415,4745.528139465032,4704.4517728867295,4757.868786466647,5649.606585279636,5682.311079286674,5328.297177551634,6469.987304179619,5565.683299038719,6534.796590264339,4372.412612456024,4589.751863052403,4676.461532545644,5549.897992913696,7294.099291140714,5968.137286000732,4607.088143643054,5233.004618207748,6029.568856249324,9562.186430312358,6197.745749566871,6599.595065123542,5290.200021495366,4274.215010070662,4987.762305565624,4288.546205833156,4312.2878150900115,4562.394009133084,4532.479068990071,6064.460223597395,5806.295112098384,4777.484403961596,4298.369756426671,6513.788965208684,5518.292492111217,6988.559657340989,6751.429298877072,7382.916708994418,5609.437035429677,5219.410710575683,6967.80572559425,4805.886812149485,4403.724375030295,5456.662389028652,5232.776176423098,6513.701940981855,6795.577894996837,5424.65030524674,5787.732015170973
5075.977349767549,5359.898364169463,5411.489220100015,4620.611905105899,5119.202198292393,4396.601962400985,4743.106313203535,6025.070391023459,5043.525148930066,6319.414270658181,5185.146161902847,6752.075443603431,4154.308120399239,4593.14450685751,4697.838689832406,5138.408447797745,6641.824545636435,7633.982758917643,4471.574665396507,5290.893814232182,5241.683699536634,9168.762766211828,6438.486020722556,6303.15897555634,4862.938645236267,4259.815234107544,5293.417776850805,4593.654260960708,4538.671712512209,4752.755618660629,4477.790684061659,5674.791125204738,5957.335168492965,4697.140860154201,3890.6704858612266,5965.407451621475,5245.437843484513,6623.057295311582,6520.137996350724,8001.744009986426,5428.893865864562,5058.011829759404,7642.655508638127,5361.101608286234,4259.5161587191415,5932.848365321616,5711.754303860151,6762.933825123082,6875.507488025926,5554.445281020324,6026.050698899064
4747.787642583471,5304.838525795141,5879.7469366720525,4235.762890777738,4780.836238880624,4326.880510553194,4579.672045597623,5690.972889413586,5388.658295771392,5993.02554832703,6105.449440626753,6593.079584109799,4481.22924560978,5007.669848422042,4421.43522306142,5655.804890180249,6007.030833101373,5462.471984286829,4557.227009159147,5718.503504861581,5944.663755771735,9058.245481790935,6379.242316319157,6519.3675648019,4644.717083385053,4464.588791995138,4981.232248936771,4764.161750081066,4186.913880301861,4730.756291976704,4553.838466214827,6074.755225485094,5866.380276705998,4602.240211363293,3943.710628770704,5790.048147885114,5789.413061522293,6605.5182417883125,6939.120341964312,7291.307100578002,5346.499177971425,4491.957602287608,6626.332857306794,4970.092510720993,4340.551374847815,6224.671217238964,6217.389570366271,6755.707280386441,6886.070952777237,5445.905890868883,6208.9884650762215
5163.98629088648,5126.569617897196,5747.7208058713895,4214.665178810252,4787.816722808187,4319.525809948914,5262.167461775842,5646.568548135561,4742.431731248066,6276.713655232272,5746.339048345746,6398.283154044839,4447.864254776382,4693.718123081715,4478.128122444854,4627.4511828765735,6576.904464241204,6744.333806044186,4564.145344803119,5371.567679886986,5776.274528466108,8334.307221440062,6398.013787187601,6298.5790726742725,5004.242409224038,4252.1358309519765,5148.370817142718,4891.235424458347,4611.420413048455,4626.095947098911,4522.535954483616,5491.566531982914,5703.945849154759,4703.445315354288,4129.6459430052655,6463.31880267865,5684.429667632348,6626.637902226581,6063.145296412296,7130.988575910342,5102.873507912349,4426.796062298599,5892.18437018131,4897.084530384554,4380.986733249732,5255.016635788301,5144.469322283081,6543.4456354381455,6640.11166212695,5291.522602889745,6299.58864141115
4812.70943937084,5297.527304257341,5419.11968739057,4417.167913882133,4852.870907025959,4359.599473999293,4791.146374829943,5825.529847633359,4754.766710133277,6324.166116807931,6654.408436314205,6461.146393007925,4121.6125795487005,4744.665308418278,4377.482747793581,5411.414481989005,6019.3975770751595,6028.980947084384,4347.909952897235,4344.185879036762,6211.012227939586,8063.991324489369,5984.102769665335,6132.32896030935,4139.253284885062,4109.762838287006,4994.598913386535,4040.0955022169715,4332.089844123332,4691.345642599126,4316.320006357197,5596.900520654142,5051.493211232166,4616.690249960304,3934.0498900696402,6373.479725521087,5381.988370892842,7387.063603514475,5950.8089350983955,7033.261032987768,4997.942083948646,4244.147516567618,6744.646915891438,4958.136902810278,4065.6028473324586,5629.029178192459,5673.647582199912,6781.503831620526,6523.288886549353,5646.611238815354,6060.490719812409
5046.804727012883,5242.518579456324,5512.459120406289,4168.229745327307,4819.957824085693,4214.048301601668,5126.249822946671,5975.945233675893,5316.437170722589,6105.666505918936,5583.092730049919,6345.019420679806,4380.733191857653,4549.739213000127,4099.28318725181,5489.653294991425,6332.200092280607,6010.908783270645,4373.721480075928,5385.482013725841,6250.521301880475,8814.66658085486,5738.738416979575,6149.326014982919,4740.722244475196,4143.341835777727,4847.110645661227,4059.9450585365717,4029.017055880629,4609.258380372075,4313.357192784593,5808.7695059717125,5473.96953696727,4557.133215477612,3961.480791554834,6105.130356091454,5258.388028422471,6149.6374846062945,5498.406054284582,6674.696088329113,4543.971085027322,4439.6959532445835,6489.07273744379,4492.97217255585,4085.6763948557095,5826.417953804162,5363.895870285069,6697.781071790969,6576.734077983186,5194.906612364669,5717.627231448864
4727.684698123326,5193.565456484646,5157.553235913749,4118.156619513902,4833.529642938864,4382.862896690001,4646.231767330874,5887.900675802297,5027.327493666792,6034.287833606308,5977.583183045087,6242.109072296576,4182.768874942857,4566.371474121435,4019.4798497333345,4560.042210998115,6677.864706729657,6224.706351761244,4423.99100252441,5256.027337194951,6264.122545465358,8355.211499474271,6875.4260035087045,6068.368702056272,4496.088594156865,3926.1889094833678,4925.523190885413,4092.4069091400124,4072.2869614429865,4703.137063709748,4463.343085077246,5613.274126194881,5170.1785525547475,4581.976018191492,4167.148305131099,6460.9472255005585,4936.349341884238,6591.87842995437,5961.755483002436,6845.606045872035,4426.95431985848,4247.597217491728,6949.842426077953,4808.775851329177,4002.287184111375,5333.923864662182,5150.043434683085,6801.2319468045225,6497.350199274573,5178.435594052029,5718.480770075968
4698.0948490583105,5293.795069961623,5247.608155429558,4388.0472142417675,4734.593559962796,4293.099793599321,4386.936092315542,5737.694860933457,4947.706055860775,5974.924138705483,5225.432695346888,6246.467976362094,4422.81900972364,4603.8570418359905,3848.3526008435156,4740.898150481019,6386.968396026704,5334.033308606011,4419.099199579281,4946.52199210937,5948.530533090076,7778.240253355661,6273.823484149391,6058.997122653079,4195.218413706241,3831.5148778018392,4762.369614634179,4242.7851460890515,3960.0981872556417,4498.372537162906,4304.671548604356,5381.893723174295,5084.84493368047,4439.049062052472,4132.411338847371,5926.447236061604,5198.758329793106,6239.280442407096,5728.4679310862375,6793.949606920392,4367.989028502119,4283.427654765592,6959.1228013859845,4586.365494807268,3919.5518375426554,5317.787797595023,5165.469965279697,6382.262125491862,6238.9591814013265,5118.155370508013,5499.45775545735
4904.941263750288,4988.767182121486,5047.923842998294,4250.718585325688,4686.241993425307,4221.489567668228,5374.2478638757975,5519.461885871761,4709.448157696508,6286.375365177975,5748.662309489672,6198.116071199143,4098.767129475858,4548.757475829829,4013.7314996038276,5161.098798507803,6356.940749066066,5890.448742429404,4246.3330535749155,5959.923485056393,5765.138175744515,8183.564886372968,5774.958543423666,6072.167224963496,4011.503872674125,4162.40986621512,4801.7325620774345,4425.317326341146,4157.081922967346,4620.029053394726,4333.524328053868,5543.81123337023,4950.78473522762,4450.836249830225,3917.6002661957327,5789.880864690591,4974.768128642616,5925.498140852465,5582.298095544607,6676.123693956308,4419.004392551837,4226.63160646673,6021.139472730822,4438.182351695937,3654.9358270506646,5522.717064959936,4973.230007898745,7218.644681701067,6236.2078576491185,5155.746670552253,5437.565812312722
4612.689843876073,5020.608080065927,5146.238636915279,4471.241338321275,4835.148694359537,4271.346608184196,4359.168266857336,5302.871676863896,4733.763129875922,5978.3634512234,5278.404246264045,6171.237966784337,3911.7019800186094,4476.187541633379,3991.031012632407,4888.124337425715,6169.88230182828,5645.644051602931,4154.01147125057,5619.418847593302,5647.61451293123,7938.865766523408,6060.590203012955,5982.792952504671,3940.0506244392745,4225.8829230441515,4733.173820806111,4080.1052976018514,3744.477232131233,4407.76715770637,4440.045603366583,5333.360573155263,4941.855899799681,4415.853163867394,3787.5240795022896,5612.789732983201,4948.977075505935,6004.136126097464,5407.326256066244,6577.341429206351,4285.414430222674,4205.367601677684,6184.595185872843,4390.877471123133,3621.952042104471,5303.2334536519265,5028.147607527595,6578.9604629799405,6192.199047282504,5100.418212710359,5513.2143896468315
4793.562487259145,4832.864236857393,5579.955757632633,4179.64294296555,4659.941260376367,4161.951424381305,4633.17380211339,5334.705120046185,4853.705678363312,6038.102170743139,5759.77033404281,6138.671953849176,3889.926760714246,4582.233265647961,3951.386708219484,4509.469582274789,6325.103483469928,5100.152862187684,4197.445381048019,5165.552339815746,5749.986330904274,8189.464985980388,6534.220827612044,5986.487904803649,3932.3417964465243,3964.093054451379,5019.157028922845,3957.939139378561,3867.5645250804537,4473.078320262188,4261.456824314002,5353.446170482799,4925.405893444884,4382.8496658198355,3808.34451633101,5323.3208271117655,4885.1000796917415,5898.603331713303,6986.198634285989,6602.178707939763,4227.804648731051,4144.062942767276,6139.124790065333,4291.666906616934,3517.8372062931485,5311.138943803678,4993.216769625119,6239.226385746967,6108.655626222745,5070.362555444019,5461.233003279482
4872.290999378396,4874.307800522817,5464.797194617615,4136.781136066302,4570.976975190183,4206.809619234949,4878.285032779342,5274.294681654467,4727.000584852101,5937.600375203945,5542.746405237733,6092.188221751417,3824.8354740112754,4507.782176921479,3827.4230795086137,4789.622186079085,6228.562208159057,5473.645706772638,4014.788346336179,4504.473080306511,5572.53823358845,7797.5614619215385,6518.159846905128,5977.770582914031,3904.5933024536243,3976.0511538460078,4717.282941821314,4031.4759448144528,3766.1320796529535,4384.059236472457,4384.007347642815,5312.496380888634,4904.215711462624,4443.272043436942,3681.161171835389,5213.910716052065,5180.553165054409,5883.055572355936,5938.7545382937715,6524.6764235055125,4186.967408140983,4113.83319768217,6071.862516721435,4187.179651761797,3559.8321800549334,5169.532412236202,4969.790133089371,6392.801146287314,6098.710601650376,5006.6966848975735,5415.09417088368
4658.978360800274,5048.113798977141,5414.708806815322,4185.812518719231,4684.638210375115,4229.932906404007,4571.993528140023,5258.363877413717,4700.595848389321,5909.663064656816,5284.520506826158,6087.502166858082,3852.945445858667,4461.717983863001,3797.257134665,4510.67791049618,6169.301395465269,4988.654722931796,4016.1824628334193,4222.9621025434935,5207.22667418164,8116.757230590712,5945.715536407675,5929.615403796126,3844.9496037121953,3783.120600499183,4772.461105457621,4045.331716446583,3783.7459553593826,4423.549745675175,4242.359109662564,5376.442413124432,4860.671177082721,4326.967412054555,3652.906240949066,5257.2325772207205,5017.685866769267,5829.585127948676,6947.457231389002,6524.011019373635,4134.004295539868,4093.8722375326956,6131.627570187321,4033.4951939969314,3468.3171322740895,5118.558107402585,4825.274191586461,6250.21041029368,6075.660327948837,4969.190077357418,5227.3907240732715
4729.375604383922,4793.9457707631,5745.974764855853,4187.538722994046,4756.7948527690005,4160.721664872484,4370.225490369256,5219.90220066511,4652.424319572474,5948.261103507581,5341.253450209832,6047.649306537351,3843.884793254739,4439.546348506232,3718.066514417046,5719.179235541046,6324.017563283281,6135.116213777321,4064.971474980624,4294.067306187085,5392.826436990279,7937.687394186023,5671.709132089205,5943.640819433196,3867.196866188654,3782.7503269711274,4551.188316866741,3953.3419077291355,3689.8858502146204,4403.5572205013195,4381.635345424636,5314.609460890519,4827.457233305662,4271.469631422541,3682.3666368480017,5260.7939352308185,5119.920873058203,5823.56576913032,5717.654987373635,6433.83226372715,4072.194243408459,4082.7252781285047,5901.614683008318,3970.2401189752068,3536.670790309896,5135.352987313479,4835.420176904591,6255.614046388788,6051.395705386791,4945.04748873292,5062.219107041378
4644.773642389544,4765.6281650838655,4862.569143950524,4086.823263177502,4786.207952557602,4047.1525398952767,4683.596253668463,5241.343477961656,4641.160361154687,5869.823102869877,5399.605718858753,6037.5170053591555,3812.737214907391,4420.436254816593,3615.6452635162573,4726.368669239739,6084.083228415438,5188.057111361182,3945.1319811093613,4288.112282370477,5198.771433326652,8015.2576335021395,5567.860022010544,5857.498211842578,3858.1236522656336,3769.5141957278847,4641.63087668195,3909.1665001695046,3707.0875807233515,4391.509038720223,4216.093901008693,5585.314671976279,4818.697955920141,4285.077494305211,3672.547960394634,5079.688580851818,4987.456955632217,5764.3623033023105,5759.86642490651,6440.174685824603,4030.088542659741,4054.08171660133,5829.888131372349,3883.114546898055,3454.996697406578,5108.944233346296,4826.522311911434,6281.1370712068965,6030.075289660104,4868.389520014115,5218.351243534528
4549.890955117256,4731.246381139468,5294.916169012318,4106.698953577811,4611.0569492712875,4113.833227304367,4568.378074093442,5180.328064450353,4661.242943683251,5797.310373872061,5234.897433422089,5971.846988008854,3788.8151890409117,4463.03431421073,3654.629319279643,4947.645740800832,5884.0163280065935,5177.331468864139,3901.5514805661824,4293.325909436464,5172.956221939372,7749.384833512021,5626.639056981287,5783.0584692238135,3825.786762133702,3778.992971251434,4645.216283070299,3873.3742637924834,3709.198118578356,4373.597580927418,4163.780394605795,5313.926532525126,4833.221023422409,4295.058252005065,3680.7351742039946,5037.159113007375,4929.212126627668,5715.838211175484,5440.326236515944,6437.717369210966,3992.7052055753866,4044.294787496837,5833.88314487398,3897.3823636620905,3625.9994360303103,5112.090963254719,4817.980848557051,6268.822311265943,6037.588504456193,4839.70767094652,5034.051556204906
4521.300038415366,4741.218544864236,5283.940926292264,4103.3850172040375,4691.501956853292,4020.3684387972603,4576.645577004871,5192.9186680457715,4608.910726453225,5876.677576944863,5117.7757574503175,5903.458778545514,3784.901263050519,4399.777679149252,3626.307605182398,5053.733380198528,6273.901103671262,5185.309469805185,3895.755344350073,4198.118488193176,5147.276550025997,7703.712858306151,5686.350145647164,5723.236689434442,3807.0836544733243,3749.8070400880206,4524.609339195984,3880.9880352292857,3668.873413133151,4374.168331538929,4204.333143489479,5393.599685619968,4794.559883452026,4274.241993123096,3546.6551051289052,4986.76557914562,4964.90337179878,5719.529205181236,5584.196018988977,6422.448068673615,3978.1592465443323,4028.7302842542995,5830.092657151305,3869.347314889478,3500.3506112489276,5112.866204340897,4801.50593246549,6229.8601336579195,5999.439687371535,4833.516058522014,4990.154583050917
4504.458158283999,4726.649837046711,5013.779722140047,4111.476177384013,4513.847193288659,4112.016281184023,4239.9571469740185,5168.9489040244425,4601.087059397151,5762.40784359162,5100.669535281148,5871.404726975039,3758.271819202684,4382.123975234073,3594.1272646013294,4359.403046166208,6273.453657117798,4908.4325705791225,3878.495705755383,4169.0739408210175,5158.8513853909935,7686.541910996772,5509.4451202745095,5704.161731206719,3803.7497585289157,3710.5615892591645,4561.560034633692,3870.7302483864532,3659.921376902521,4364.173270545769,4237.031294843682,5277.553314663315,4794.262295173019,4263.127786879329,4067.3257758594746,4988.577869457526,4905.912114599586,5690.619048954563,5392.771322195166,6409.202549333523,3973.5930943297744,3957.9420292830714,5782.48387123703,3847.698164112492,3459.3063742687646,5096.166316802261,4799.1207431635485,6186.435606490615,6015.107558884648,4828.819681335593,4928.736227847961
4504.458158283999,4726.649837046711,4862.569143950524,4086.823263177502,4513.847193288659,4020.3684387972603,4239.9571469740185,5168.9489040244425,4601.087059397151,5762.40784359162,5100.669535281148,5871.404726975039,3758.271819202684,4382.123975234073,3594.1272646013294,4359.403046166208,5884.0163280065935,4908.4325705791225,3878.495705755383,4169.0739408210175,5147.276550025997,7686.541910996772,5509.4451202745095,5704.161731206719,3803.7497585289157,3710.5615892591645,4524.609339195984,3870.7302483864532,3659.921376902521,4364.173270545769,4163.780394605795,5277.553314663315,4794.262295173019,4263.127786879329,3546.6551051289052,4986.76557914562,4885.1000796917415,5690.619048954563,5392.771322195166,6409.202549333523,3973.5930943297744,3957.9420292830714,5782.48387123703,3847.698164112492,3454.996697406578,5096.166316802261,4799.1207431635485,6186.435606490615,5999.439687371535,4828.819681335593,4928.736227847961
4504.458158283999,4726.649837046711,4862.569143950524,4086.823263177502,4513.847193288659,4020.3684387972603,4239.9571469740185,5168.9489040244425,4601.087059397151,5762.40784359162,5100.669535281148,5871.404726975039,3758.271819202684,4382.123975234073,3594.1272646013294,4359.403046166208,5884.0163280065935,4908.4325705791225,3878.495705755383,4169.0739408210175,5147.276550025997,7686.541910996772,5509.4451202745095,5704.161731206719,3803.7497585289157,3710.5615892591645,4524.609339195984,3870.7302483864532,3659.921376902521,4364.173270545769,4163.780394605795,5277.553314663315,4794.262295173019,4263.127786879329,3546.6551051289052,4986.76557914562,4885.1000796917415,5690.619048954563,5392.771322195166,6409.202549333523,3973.5930943297744,3957.9420292830714,5782.48387123703,3847.698164112492,3454.996697406578,5096.166316802261,4799.1207431635485,6186.435606490615,5999.439687371535,4828.819681335593,4928.736227847961
4504.458158283999,4726.649837046711,4862.569143950524,4086.823263177502,4513.847193288659,4020.3684387972603,4239.9571469740185,5168.9489040244425,4601.087059397151,5762.40784359162,5100.669535281148,5871.404726975039,3758.271819202684,4382.123975234073,3594.1272646013294,4359.403046166208,5884.0163280065935,4908.4325705791225,3878.495705755383,4169.0739408210175,5147.276550025997,7686.541910996772,5509.4451202745095,5704.161731206719,3803.7497585289157,3710.5615892591645,4524.609339195984,3870.7302483864532,3659.921376902521,4364.173270545769,4163.780394605795,5277.553314663315,4794.262295173019,4263.127786879329,3546.6551051289052,4986.76557914562,4885.1000796917415,5690.619048954563,5392.771322195166,6409.202549333523,3973.5930943297744,3957.9420292830714,5782.48387123703,3847.698164112492,3454.996697406578,5096.166316802261,4799.1207431635485,6186.435606490615,5999.439687371535,4828.819681335593,4928.736227847961
4504.458158283999,4726.649837046711,4862.569143950524,4086.823263177502,4513.847193288659,4020.3684387972603,4239.9571469740185,5168.9489040244425,4601.087059397151,5762.40784359162,5100.669535281148,5871.404726975039,3758.271819202684,4382.123975234073,3594.1272646013294,4359.403046166208,5884.0163280065935,4908.4325705791225,3878.495705755383,4169.0739408210175,5147.276550025997,7686.541910996772,5509.4451202745095,5704.161731206719,3803.7497585289157,3710.5615892591645,4524.609339195984,3870.7302483864532,3659.921376902521,4364.173270545769,4163.780394605795,5277.553314663315,4794.262295173019,4263.127786879329,3546.6551051289052,4986.76557914562,4885.1000796917415,5690.619048954563,5392.771322195166,6409.202549333523,3973.5930943297744,3957.9420292830714,5782.48387123703,3847.698164112492,3454.996697406578,5096.166316802261,4799.1207431635485,6186.435606490615,5999.439687371535,4828.819681335593,4928.736227847961
4504.458158283999,4726.649837046711,4862.569143950524,4086.823263177502,4513.847193288659,4020.3684387972603,4239.9571469740185,5168.9489040244425,4601.087059397151,5762.40784359162,5100.669535281148,5871.404726975039,3758.271819202684,4382.123975234073,3594.1272646013294,4359.403046166208,5884.0163280065935,4908.4325705791225,3878.495705755383,4169.0739408210175,5147.276550025997,7686.541910996772,5509.4451202745095,5704.161731206719,3803.7497585289157,3710.5615892591645,4524.609339195984,3870.7302483864532,3659.921376902521,4364.173270545769,4163.780394605795,5277.553314663315,4794.262295173019,4263.127786879329,3546.6551051289052,4986.76557914562,4885.1000796917415,5690.619048954563,5392.771322195166,6409.202549333523,3973.5930943297744,3957.9420292830714,5782.48387123703,3847.698164112492,3454.996697406578,5096.166316802261,4799.1207431635485,6186.435606490615,5999.439687371535,4828.819681335593,4928.736227847961
4504.458158283999,4726.649837046711,4862.569143950524,4086.823263177502,4513.847193288659,4020.3684387972603,4239.9571469740185,5168.9489040244425,4601.087059397151,5762.40784359162,5100.669535281148,5871.404726975039,3758.271819202684,4382.123975234073,3594.1272646013294,4359.403046166208,5884.0163280065935,4908.4325705791225,3878.495705755383,4169.0739408210175,5147.276550025997,7686.541910996772,5509.4451202745095,5704.161731206719,3803.7497585289157,3710.5615892591645,4524.609339195984,3870.7302483864532,3659.921376902521,4364.173270545769,4163.780394605795,5277.553314663315,4794.262295173019,4263.127786879329,3546.6551051289052,4986.76557914562,4885.1000796917415,5690.619048954563,5392.771322195166,6409.202549333523,3973.5930943297744,3957.9420292830714,5782.48387123703,3847.698164112492,3454.996697406578,5096.166316802261,4799.1207431635485,6186.435606490615,5999.439687371535,4828.819681335593,4928.736227847961
4504.458158283999,4726.649837046711,4862.569143950524,4086.823263177502,4513.847193288659,4020.3684387972603,4239.9571469740185,5168.9489040244425,4601.087059397151,5762.40784359162,5100.669535281148,5871.404726975039,3758.271819202684,4382.123975234073,3594.1272646013294,4359.403046166208,5884.0163280065935,4908.4325705791225,3878.495705755383,4169.0739408210175,5147.276550025997,7686.541910996772,5509.4451202745095,5704.161731206719,3803.7497585289157,3710.5615892591645,4524.609339195984,3870.7302483864532,3659.921376902521,4364.173270545769,4163.780394605795,5277.553314663315,4794.262295173019,4263.127786879329,3546.6551051289052,4986.76557914562,4885.1000796917415,5690.619048954563,5392.771322195166,6409.202549333523,3973.5930943297744,3957.9420292830714,5782.48387123703,3847.698164112492,3454.996697406578,5096.166316802261,4799.1207431635485,6186.435606490615,5999.439687371535,4828.819681335593,4928.736227847961
4504.458158283999,4726.649837046711,4862.569143950524,4086.823263177502,4513.847193288659,4020.3684387972603,4239.9571469740185,5168.9489040244425,4601.087059397151,5762.40784359162,5100.669535281148,5871.404726975039,3758.271819202684,4382.123975234073,3594.1272646013294,4359.403046166208,5884.0163280065935,4908.4325705791225,3878.495705755383,4169.0739408210175,5147.276550025997,7686.541910996772,5509.4451202745095,5704.161731206719,3803.7497585289157,3710.5615892591645,4524.609339195984,3870.7302483864532,3659.921376902521,4364.173270545769,4163.780394605795,5277.553314663315,4794.262295173019,4263.127786879329,3546.6551051289052,4986.76557914562,4885.1000796917415,5690.619048954563,5392.771322195166,6409.202549333523,3973.5930943297744,3957.9420292830714,5782.48387123703,3847.698164112492,3454.996697406578,5096.166316802261,4799.1207431635485,6186.435606490615,5999.439687371535,4828.819681335593,4928.736227847961
4504.458158283999,4726.649837046711,4862.569143950524,4086.823263177502,4513.847193288659,4020.3684387972603,4239.9571469740185,5168.9489040244425,4601.087059397151,5762.40784359162,5100.669535281148,5871.404726975039,3758.271819202684,4382.123975234073,3594.1272646013294,4359.403046166208,5884.0163280065935,4908.4325705791225,3878.495705755383,4169.0739408210175,5147.276550025997,7686.541910996772,5509.4451202745095,5704.161731206719,3803.7497585289157,3710.5615892591645,4524.609339195984,3870.7302483864532,3659.921376902521,4364.173270545769,4163.780394605795,5277.553314663315,4794.262295173019,4263.127786879329,3546.6551051289052,4986.76557914562,4885.1000796917415,5690.619048954563,5392.771322195166,6409.202549333523,3973.5930943297744,3957.9420292830714,5782.48387123703,3847.698164112492,3454.996697406578,5096.166316802261,4799.1207431635485,6186.435606490615,5999.439687371535,4828.819681335593,4928.736227847961
4504.458158283999,4726.649837046711,4862.569143950524,4086.823263177502,4513.847193288659,4020.3684387972603,4239.9571469740185,5168.9489040244425,4601.087059397151,5762.40784359162,5100.669535281148,5871.404726975039,3758.271819202684,4382.123975234073,3594.1272646013294,4359.403046166208,5884.0163280065935,4908.4325705791225,3878.495705755383,4169.0739408210175,5147.276550025997,7686.541910996772,5509.4451202745095,5704.161731206719,3803.7497585289157,3710.5615892591645,4524.609339195984,3870.7302483864532,3659.921376902521,4364.173270545769,4163.780394605795,5277.553314663315,4794.262295173019,4263.127786879329,3546.6551051289052,4986.76557914562,4885.1000796917415,5690.619048954563,5392.771322195166,6409.202549333523,3973.5930943297744,3957.9420292830714,5782.48387123703,3847.698164112492,3454.996697406578,5096.166316802261,4799.1207431635485,6186.435606490615,5999.439687371535,4828.819681335593,4928.736227847961
4504.458158283999,4726.649837046711,4862.569143950524,4086.823263177502,4513.847193288659,4020.3684387972603,4239.9571469740185,5168.9489040244425,4601.087059397151,5762.40784359162,5100.669535281148,5871.404726975039,3758.271819202684,4382.123975234073,3594.1272646013294,4359.403046166208,5884.0163280065935,4908.4325705791225,3878.495705755383,4169.0739408210175,5147.276550025997,7686.541910996772,5509.4451202745095,5704.161731206719,3803.7497585289157,3710.5615892591645,4524.609339195984,3870.7302483864532,3659.921376902521,4364.173270545769,4163.780394605795,5277.553314663315,4794.262295173019,4263.127786879329,3546.6551051289052,4986.76557914562,4885.1000796917415,5690.619048954563,5392.771322195166,6409.202549333523,3973.5930943297744,3957.9420292830714,5782.48387123703,3847.698164112492,3454.996697406578,5096.166316802261,4799.1207431635485,6186.435606490615,5999.439687371535,4828.819681335593,4928.736227847961
4504.458158283999,4726.649837046711,4862.569143950524,4086.823263177502,4513.847193288659,4020.3684387972603,4239.9571469740185,5168.9489040244425,4601.087059397151,5762.40784359162,5100.669535281148,5871.404726975039,3758.271819202684,4382.123975234073,3594.1272646013294,4359.403046166208,5884.0163280065935,4908.4325705791225,3878.495705755383,4169.0739408210175,5147.276550025997,7686.541910996772,5509.4451202745095,5704.161731206719,3803.7497585289157,3710.5615892591645,4524.609339195984,3870.7302483864532,3659.921376902521,4364.173270545769,4163.780394605795,5277.553314663315,4794.262295173019,4263.127786879329,3546.6551051289052,4986.76557914562,4885.1000796917415,5690.619048954563,5392.771322195166,6409.202549333523,3973.5930943297744,3957.9420292830714,5782.48387123703,3847.698164112492,3454.996697406578,5096.166316802261,4799.1207431635485,6186.435606490615,5999.439687371535,4828.819681335593,4928.736227847961
4504.458158283999,4726.649837046711,4862.569143950524,4086.823263177502,4513.847193288659,4020.3684387972603,4239.9571469740185,5168.9489040244425,4601.087059397151,5762.40784359162,5100.669535281148,5871.404726975039,3758.271819202684,4382.123975234073,3594.1272646013294,4359.403046166208,5884.0163280065935,4908.4325705791225,3878.495705755383,4169.0739408210175,5147.276550025997,7686.541910996772,5509.4451202745095,5704.161731206719,3803.7497585289157,3710.5615892591645,4524.609339195984,3870.7302483864532,3659.921376902521,4364.173270545769,4163.780394605795,5277.553314663315,4794.262295173019,4263.127786879329,3546.6551051289052,4986.76557914562,4885.1000796917415,5690.619048954563,5392.771322195166,6409.202549333523,3973.5930943297744,3957.9420292830714,5782.48387123703,3847.698164112492,3454.996697406578,5096.166316802261,4799.1207431635485,6186.435606490615,5999.439687371535,4828.819681335593,4928.736227847961
4504.458158283999,4726.649837046711,4862.569143950524,4086.823263177502,4513.847193288659,4020.3684387972603,4239.9571469740185,5168.9489040244425,4601.087059397151,5762.40784359162,5100.669535281148,5871.404726975039,3758.271819202684,4382.123975234073,3594.1272646013294,4359.403046166208,5884.0163280065935,4908.4325705791225,3878.495705755383,4169.0739408210175,5147.276550025997,7686.541910996772,5509.4451202745095,5704.161731206719,3803.7497585289157,3710.5615892591645,4524.609339195984,3870.7302483864532,3659.921376902521,4364.173270545769,4163.780394605795,5277.553314663315,4794.262295173019,4263.127786879329,3546.6551051289052,4986.76557914562,4885.1000796917415,5690.619048954563,5392.771322195166,6409.202549333523,3973.5930943297744,3957.9420292830714,5782.48387123703,3847.698164112492,3454.996697406578,5096.166316802261,4799.1207431635485,6186.435606490615,5999.439687371535,4828.819681335593,4928.736227847961
4504.458158283999,4726.649837046711,4862.569143950524,4086.823263177502,4513.847193288659,4020.3684387972603,4239.9571469740185,5168.9489040244425,4601.087059397151,5762.40784359162,5100.669535281148,5871.404726975039,3758.271819202684,4382.123975234073,3594.1272646013294,4359.403046166208,5884.0163280065935,4908.4325705791225,3878.495705755383,4169.0739408210175,5147.276550025997,7686.541910996772,5509.4451202745095,5704.161731206719,3803.7497585289157,3710.5615892591645,4524.609339195984,3870.7302483864532,3659.921376902521,4364.173270545769,4163.780394605795,5277.553314663315,4794.262295173019,4263.127786879329,3546.6551051289052,4986.76557914562,4885.1000796917415,5690.619048954563,5392.771322195166,6409.202549333523,3973.5930943297744,3957.9420292830714,5782.48387123703,3847.698164112492,3454.996697406578,5096.166316802261,4799.1207431635485,6186.435606490615,5999.439687371535,4828.819681335593,4928.736227847961
4504.458158283999,4726.649837046711,4862.569143950524,4086.823263177502,4513.847193288659,4020.3684387972603,4239.9571469740185,5168.9489040244425,4601.087059397151,5762.40784359162,5100.669535281148,5871.404726975039,3758.271819202684,4382.123975234073,3594.1272646013294,4359.403046166208,5884.0163280065935,4908.4325705791225,3878.495705755383,4169.0739408210175,5147.276550025997,7686.541910996772,5509.4451202745095,5704.161731206719,3803.7497585289157,3710.5615892591645,4524.609339195984,3870.7302483864532,3659.921376902521,4364.173270545769,4163.780394605795,5277.553314663315,4794.262295173019,4263.127786879329,3546.6551051289052,4986.76557914562,4885.1000796917415,5690.619048954563,5392.771322195166,6409.202549333523,3973.5930943297744,3957.9420292830714,5782.48387123703,3847.698164112492,3454.996697406578,5096.166316802261,4799.1207431635485,6186.435606490615,5999.439687371535,4828.819681335593,4928.736227847961
4504.458158283999,4726.649837046711,4862.569143950524,4086.823263177502,4513.847193288659,4020.3684387972603,4239.9571469740185,5168.9489040244425,4601.087059397151,5762.40784359162,5100.669535281148,5871.404726975039,3758.271819202684,4382.123975234073,3594.1272646013294,4359.403046166208,5884.0163280065935,4908.4325705791225,3878.495705755383,4169.0739408210175,5147.276550025997,7686.541910996772,5509.4451202745095,5704.161731206719,3803.7497585289157,3710.5615892591645,4524.609339195984,3870.7302483864532,3659.921376902521,4364.173270545769,4163.780394605795,5277.553314663315,4794.262295173019,4263.127786879329,3546.6551051289052,4986.76557914562,4885.1000796917415,5690.619048954563,5392.771322195166,6409.202549333523,3973.5930943297744,3957.9420292830714,5782.48387123703,3847.698164112492,3454.996697406578,5096.166316802261,4799.1207431635485,6186.435606490615,5999.439687371535,4828.819681335593,4928.736227847961
4504.458158283999,4726.649837046711,4862.569143950524,4086.823263177502,4513.847193288659,4020.3684387972603,4239.9571469740185,5168.9489040244425,4601.087059397151,5762.40784359162,5100.669535281148,5871.404726975039,3758.271819202684,4382.123975234073,3594.1272646013294,4359.403046166208,5884.0163280065935,4908.4325705791225,3878.495705755383,4169.0739408210175,5147.276550025997,7686.541910996772,5509.4451202745095,5704.161731206719,3803.7497585289157,3710.5615892591645,4524.609339195984,3870.7302483864532,3659.921376902521,4364.173270545769,4163.780394605795,5277.553314663315,4794.262295173019,4263.127786879329,3546.6551051289052,4986.76557914562,4885.1000796917415,5690.619048954563,5392.771322195166,6409.202549333523,3973.5930943297744,3957.9420292830714,5782.48387123703,3847.698164112492,3454.996697406578,5096.166316802261,4799.1207431635485,6186.435606490615,5999.439687371535,4828.819681335593,4928.736227847961
4504.458158283999,4726.649837046711,4862.569143950524,4086.823263177502,4513.847193288659,4020.3684387972603,4239.9571469740185,5168.9489040244425,4601.087059397151,5762.40784359162,5100.669535281148,5871.404726975039,3758.271819202684,4382.123975234073,3594.1272646013294,4359.403046166208,5884.0163280065935,4908.4325705791225,3878.495705755383,4169.0739408210175,5147.276550025997,7686.541910996772,5509.4451202745095,5704.161731206719,3803.7497585289157,3710.5615892591645,4524.609339195984,3870.7302483864532,3659.921376902521,4364.173270545769,4163.780394605795,5277.553314663315,4794.262295173019,4263.127786879329,3546.6551051289052,4986.76557914562,4885.1000796917415,5690.619048954563,5392.771322195166,6409.202549333523,3973.5930943297744,3957.9420292830714,5782.48387123703,3847.698164112492,3454.996697406578,5096.166316802261,4799.1207431635485,6186.435606490615,5999.439687371535,4828.819681335593,4928.736227847961
4504.458158283999,4726.649837046711,4862.569143950524,4086.823263177502,4513.847193288659,4020.3684387972603,4239.9571469740185,5168.9489040244425,4601.087059397151,5762.40784359162,5100.669535281148,5871.404726975039,3758.271819202684,4382.123975234073,3594.1272646013294,4359.403046166208,5884.0163280065935,4908.4325705791225,3878.495705755383,4169.0739408210175,5147.276550025997,7686.541910996772,5509.4451202745095,5704.161731206719,3803.7497585289157,3710.5615892591645,4524.609339195984,3870.7302483864532,3659.921376902521,4364.173270545769,4163.780394605795,5277.553314663315,4794.262295173019,4263.127786879329,3546.6551051289052,4986.76557914562,4885.1000796917415,5690.619048954563,5392.771322195166,6409.202549333523,3973.5930943297744,3957.9420292830714,5782.48387123703,3847.698164112492,3454.996697406578,5096.166316802261,4799.1207431635485,6186.435606490615,5999.439687371535,4828.819681335593,4928.736227847961
4504.458158283999,4726.649837046711,4862.569143950524,4086.823263177502,4513.847193288659,4020.3684387972603,4239.9571469740185,5168.9489040244425,4601.087059397151,5762.40784359162,5100.669535281148,5871.404726975039,3758.271819202684,4382.123975234073,3594.1272646013294,4359.403046166208,5884.0163280065935,4908.4325705791225,3878.495705755383,4169.0739408210175,5147.276550025997,7436.739302997126,5509.4451202745095,5704.161731206719,3803.7497585289157,3710.5615892591645,4524.609339195984,3870.7302483864532,3659.921376902521,4364.173270545769,4163.780394605795,5277.553314663315,4794.262295173019,4263.127786879329,3546.6551051289052,4986.76557914562,4885.1000796917415,5690.619048954563,5392.771322195166,6409.202549333523,3973.5930943297744,3957.9420292830714,5782.48387123703,3847.698164112492,3454.996697406578,5096.166316802261,4799.1207431635485,6186.435606490615,5999.439687371535,4828.819681335593,4928.736227847961
4504.458158283999,4726.649837046711,4862.569143950524,4086.823263177502,4513.847193288659,4020.3684387972603,4239.9571469740185,5168.9489040244425,4601.087059397151,5762.40784359162,5100.669535281148,5871.404726975039,3758.271819202684,4382.123975234073,3594.1272646013294,4359.403046166208,5884.0163280065935,4908.4325705791225,3878.495705755383,4169.0739408210175,5147.276550025997,7436.739302997126,5509.4451202745095,5704.161731206719,3803.7497585289157,3710.5615892591645,4524.609339195984,3870.7302483864532,3659.921376902521,4364.173270545769,4163.780394605795,5277.553314663315,4794.262295173019,4263.127786879329,3546.6551051289052,4986.76557914562,4885.1000796917415,5690.619048954563,5392.771322195166,6409.202549333523,3973.5930943297744,3957.9420292830714,5782.48387123703,3847.698164112492,3454.996697406578,5096.166316802261,4799.1207431635485,6186.435606490615,5999.439687371535,4828.819681335593,4928.736227847961
4504.458158283999,4726.649837046711,4862.569143950524,4086.823263177502,4513.847193288659,4020.3684387972603,4239.9571469740185,5168.9489040244425,4601.087059397151,5762.40784359162,5100.669535281148,5871.404726975039,3758.271819202684,4382.123975234073,3594.1272646013294,4359.403046166208,5884.0163280065935,4908.4325705791225,3878.495705755383,4169.0739408210175,5147.276550025997,7436.739302997126,5509.4451202745095,5704.161731206719,3803.7497585289157,3710.5615892591645,4524.609339195984,3870.7302483864532,3659.921376902521,4364.173270545769,4163.780394605795,5277.553314663315,4794.262295173019,4263.127786879329,3546.6551051289052,4986.76557914562,4885.1000796917415,5690.619048954563,5392.771322195166,6409.202549333523,3973.5930943297744,3957.9420292830714,5782.48387123703,3847.698164112492,3454.996697406578,5096.166316802261,4799.1207431635485,6186.435606490615,5999.439687371535,4828.819681335593,4928.736227847961
4504.458158283999,4726.649837046711,4862.569143950524,4086.823263177502,4513.847193288659,4020.3684387972603,4239.9571469740185,5168.9489040244425,4601.087059397151,5762.40784359162,5100.669535281148,5618.008944408597,3758.271819202684,4382.123975234073,3594.1272646013294,4359.403046166208,5884.0163280065935,4908.4325705791225,3878.495705755383,4169.0739408210175,5147.276550025997,7436.739302997126,5509.4451202745095,5704.161731206719,3803.7497585289157,3710.5615892591645,4524.609339195984,3870.7302483864532,3659.921376902521,4364.173270545769,4163.780394605795,5277.553314663315,4794.262295173019,4263.127786879329,3546.6551051289052,4986.76557914562,4885.1000796917415,5690.619048954563,5392.771322195166,6409.202549333523,3973.5930943297744,3957.9420292830714,5782.48387123703,3847.698164112492,3454.996697406578,5096.166316802261,4799.1207431635485,6186.435606490615,5999.439687371535,4828.819681335593,4928.736227847961
4504.458158283999,4726.649837046711,4862.569143950524,4086.823263177502,4513.847193288659,4020.3684387972603,4239.9571469740185,5168.9489040244425,4601.087059397151,5762.40784359162,5100.669535281148,5618.008944408597,3758.271819202684,4382.123975234073,3594.1272646013294,4359.403046166208,5869.5907917808545,4908.4325705791225,3878.495705755383,4169.0739408210175,5147.276550025997,7436.739302997126,5509.4451202745095,5704.161731206719,3802.2984558631165,3710.5615892591645,4524.609339195984,3870.7302483864532,3659.921376902521,4364.173270545769,4163.780394605795,5277.553314663315,4794.262295173019,4263.127786879329,3546.6551051289052,4986.76557914562,4885.1000796917415,5690.619048954563,5392.771322195166,6409.202549333523,3973.5930943297744,3957.9420292830714,5782.48387123703,3847.698164112492,3454.996697406578,5096.166316802261,4799.1207431635485,6186.435606490615,5999.439687371535,4828.819681335593,4928.736227847961
4504.458158283999,4726.649837046711,4862.569143950524,4086.823263177502,4513.847193288659,4020.3684387972603,4239.9571469740185,5168.9489040244425,4601.087059397151,5762.40784359162,5100.669535281148,5618.008944408597,3758.271819202684,4382.123975234073,3594.1272646013294,4359.403046166208,5869.5907917808545,4908.4325705791225,3878.495705755383,4169.0739408210175,5147.276550025997,7399.295807358358,5509.4451202745095,5704.161731206719,3802.2984558631165,3710.5615892591645,4524.609339195984,3870.7302483864532,3659.921376902521,4364.173270545769,4163.780394605795,5277.553314663315,4794.262295173019,4263.127786879329,3546.6551051289052,4986.76557914562,4885.1000796917415,5690.619048954563,5392.771322195166,6409.202549333523,3973.5930943297744,3957.9420292830714,5782.48387123703,3847.698164112492,3454.996697406578,5096.166316802261,4799.1207431635485,6186.435606490615,5999.439687371535,4828.819681335593,4894.7453358813855
4504.458158283999,4726.649837046711,4862.569143950524,4086.823263177502,4513.847193288659,4020.3684387972603,4239.9571469740185,5168.9489040244425,4310.910968074199,5762.40784359162,5100.669535281148,5466.288382595024,3758.271819202684,4382.123975234073,3594.1272646013294,4359.403046166208,5869.5907917808545,4908.4325705791225,3878.495705755383,4169.0739408210175,5147.276550025997,7399.295807358358,5509.4451202745095,5704.161731206719,3802.2984558631165,3710.5615892591645,4524.609339195984,3870.7302483864532,3659.921376902521,4364.173270545769,4163.780394605795,5277.553314663315,4794.262295173019,4263.127786879329,3546.6551051289052,4986.76557914562,4885.1000796917415,5690.619048954563,5392.771322195166,6409.202549333523,3973.5930943297744,3957.9420292830714,5782.48387123703,3847.698164112492,3454.996697406578,5096.166316802261,4799.1207431635485,6186.435606490615,5999.439687371535,4828.819681335593,4894.7453358813855
4504.458158283999,4726.649837046711,4862.569143950524,4086.823263177502,4513.847193288659,4020.3684387972603,4239.9571469740185,5168.9489040244425,4310.910968074199,5762.40784359162,5100.669535281148,5466.288382595024,3758.271819202684,4382.123975234073,3594.1272646013294,4359.403046166208,5837.219650669687,4908.4325705791225,3878.495705755383,4169.0739408210175,5147.276550025997,7128.827780065126,5509.4451202745095,5704.161731206719,3802.2984558631165,3710.5615892591645,4524.609339195984,3870.7302483864532,3659.921376902521,4364.173270545769,4163.780394605795,5277.553314663315,4794.262295173019,4263.127786879329,3546.6551051289052,4986.76557914562,4885.1000796917415,5690.619048954563,5392.771322195166,5939.094117405801,3973.5930943297744,3957.9420292830714,4977.087189631651,3847.698164112492,3454.996697406578,5096.166316802261,4799.1207431635485,6186.435606490615,5999.439687371535,4828.819681335593,4894.7453358813855
4504.458158283999,4726.649837046711,4862.569143950524,4086.823263177502,4513.847193288659,4020.3684387972603,4239.9571469740185,5168.9489040244425,3866.506480405089,5762.40784359162,5100.669535281148,5466.288382595024,3758.271819202684,4382.123975234073,3594.1272646013294,4359.403046166208,5678.387013618105,4908.4325705791225,3878.495705755383,4169.0739408210175,5147.276550025997,7128.827780065126,5509.4451202745095,5704.161731206719,3802.2984558631165,3710.5615892591645,4524.609339195984,3870.7302483864532,3659.921376902521,4364.173270545769,4163.780394605795,4804.914578174131,4794.262295173019,4263.127786879329,3546.6551051289052,4986.76557914562,4885.1000796917415,5690.619048954563,5392.771322195166,5939.094117405801,3973.5930943297744,3957.9420292830714,4719.078075489988,3847.698164112492,3454.996697406578,5096.166316802261,4799.1207431635485,6186.435606490615,5999.439687371535,4828.819681335593,4894.7453358813855
4504.458158283999,4726.649837046711,4862.569143950524,4086.823263177502,4513.847193288659,4020.3684387972603,4239.9571469740185,5168.9489040244425,3866.506480405089,5727.472819772339,5100.669535281148,5466.288382595024,3758.271819202684,4382.123975234073,3594.1272646013294,4359.403046166208,5678.387013618105,4908.4325705791225,3878.495705755383,4169.0739408210175,5147.276550025997,6656.921740432115,4971.3871816198025,5704.161731206719,3802.2984558631165,3710.5615892591645,4524.609339195984,3870.7302483864532,3659.921376902521,4315.980104363395,4163.780394605795,4804.914578174131,4794.262295173019,4263.127786879329,3546.6551051289052,4986.76557914562,4885.1000796917415,5690.619048954563,5392.771322195166,5939.094117405801,3973.5930943297744,3957.9420292830714,4719.078075489988,3847.698164112492,3454.996697406578,5096.166316802261,4799.1207431635485,6186.435606490615,5999.439687371535,4828.819681335593,4894.7453358813855
4504.458158283999,4726.649837046711,4862.569143950524,4086.823263177502,4513.847193288659,4020.3684387972603,4239.9571469740185,5168.9489040244425,3866.506480405089,5727.472819772339,5100.669535281148,5388.203041306903,3758.271819202684,4382.123975234073,3594.1272646013294,4359.403046166208,5678.387013618105,4908.4325705791225,3878.495705755383,4169.0739408210175,5147.276550025997,6656.921740432115,4971.3871816198025,5704.161731206719,3802.2984558631165,3710.5615892591645,4524.609339195984,3870.7302483864532,3659.921376902521,4315.980104363395,4163.780394605795,4804.914578174131,4794.262295173019,4263.127786879329,3546.6551051289052,4986.76557914562,4885.1000796917415,5690.619048954563,5392.771322195166,5939.094117405801,3973.5930943297744,3957.9420292830714,4719.078075489988,3847.698164112492,3454.996697406578,5096.166316802261,4799.1207431635485,6186.435606490615,5999.439687371535,4828.819681335593,4894.7453358813855
4504.458158283999,4726.649837046711,4862.569143950524,4086.823263177502,4513.847193288659,4020.3684387972603,4239.9571469740185,5168.9489040244425,3866.506480405089,5727.472819772339,5100.669535281148,4586.103796067891,3758.271819202684,4382.123975234073,3594.1272646013294,4359.403046166208,5678.387013618105,4908.4325705791225,3878.495705755383,4169.0739408210175,5147.276550025997,6247.218835448011,4971.3871816198025,5704.161731206719,3802.2984558631165,3710.5615892591645,4524.609339195984,3870.7302483864532,3659.921376902521,4170.663506063745,4162.808169285872,4804.914578174131,4794.262295173019,4263.127786879329,3546.6551051289052,4986.76557914562,4885.1000796917415,5690.619048954563,5392.771322195166,5939.094117405801,3973.5930943297744,3957.9420292830714,4719.078075489988,3847.698164112492,3454.996697406578,5096.166316802261,4799.1207431635485,6186.435606490615,5999.439687371535,4828.819681335593,4894.7453358813855
4504.458158283999,4406.231655728565,4862.569143950524,4086.823263177502,4513.847193288659,4020.3684387972603,4239.9571469740185,5168.9489040244425,3866.506480405089,5727.472819772339,5100.669535281148,4586.103796067891,3758.271819202684,4378.635565204613,3594.1272646013294,4359.403046166208,5678.387013618105,4908.4325705791225,3878.495705755383,4169.0739408210175,5147.276550025997,6247.218835448011,4971.3871816198025,5704.161731206719,3802.2984558631165,3710.5615892591645,4524.609339195984,3870.7302483864532,3659.921376902521,3831.892770066881,4124.451204731616,4804.914578174131,4794.262295173019,4263.127786879329,3546.6551051289052,4986.76557914562,4885.1000796917415,5690.619048954563,5392.771322195166,5830.239222909339,3973.5930943297744,3957.9420292830714,4719.078075489988,3847.698164112492,3454.996697406578,5096.166316802261,4799.1207431635485,6186.435606490615,5999.439687371535,4828.819681335593,4520.592442914713
4504.458158283999,4406.231655728565,4862.569143950524,4086.823263177502,4513.847193288659,4020.3684387972603,4239.9571469740185,4958.571954336346,3866.506480405089,5727.472819772339,5100.669535281148,4586.103796067891,3758.271819202684,4378.635565204613,3594.1272646013294,4359.403046166208,5678.387013618105,4908.4325705791225,3878.495705755383,4169.0739408210175,5147.276550025997,6247.218835448011,4971.3871816198025,5704.161731206719,3802.2984558631165,3710.5615892591645,4524.609339195984,3870.7302483864532,3453.8725630651234,3831.892770066881,4124.451204731616,4804.914578174131,4794.262295173019,4263.127786879329,3546.6551051289052,4986.76557914562,4885.1000796917415,5690.619048954563,5392.771322195166,5830.239222909339,3973.5930943297744,3957.9420292830714,4719.078075489988,3847.698164112492,3454.996697406578,5096.166316802261,4799.1207431635485,6018.502562524878,5999.439687371535,4828.819681335593,4520.592442914713
4504.458158283999,4406.231655728565,4862.569143950524,4086.823263177502,4513.847193288659,4020.3684387972603,4239.9571469740185,4958.571954336346,3866.506480405089,5558.287362640172,5100.669535281148,4586.103796067891,3758.271819202684,4378.635565204613,3594.1272646013294,4359.403046166208,5678.387013618105,4908.4325705791225,3878.495705755383,4169.0739408210175,5147.276550025997,6247.218835448011,4971.3871816198025,5704.161731206719,3802.2984558631165,3710.5615892591645,4524.609339195984,3870.7302483864532,3453.8725630651234,3831.892770066881,4124.451204731616,4804.914578174131,4794.262295173019,4263.127786879329,3546.6551051289052,4986.76557914562,4885.1000796917415,5690.619048954563,5392.771322195166,5830.239222909339,3973.5930943297744,3957.9420292830714,4719.078075489988,3847.698164112492,3454.996697406578,5096.166316802261,4799.1207431635485,5988.5380356088135,5999.439687371535,4828.819681335593,4520.592442914713
4504.458158283999,4406.231655728565,4862.569143950524,4086.823263177502,4513.847193288659,4020.3684387972603,4239.9571469740185,4958.571954336346,3866.506480405089,4532.309854203288,5100.669535281148,4586.103796067891,3758.271819202684,4378.635565204613,3594.1272646013294,4359.403046166208,5678.387013618105,4826.951380346763,3878.495705755383,4169.0739408210175,5147.276550025997,6012.050770092162,4971.3871816198025,5704.161731206719,3802.2984558631165,3710.5615892591645,4524.609339195984,3870.7302483864532,3453.8725630651234,3561.454335195357,3770.3477467627667,4804.914578174131,4794.262295173019,4263.127786879329,3546.6551051289052,4986.76557914562,4885.1000796917415,5596.333629311314,5392.771322195166,5830.239222909339,3973.5930943297744,3957.9420292830714,4719.078075489988,3847.698164112492,3454.996697406578,5096.166316802261,4799.1207431635485,5238.943141851843,5864.503103632593,4828.819681335593,4520.592442914713
4504.458158283999,4304.623911520188,4862.569143950524,4086.823263177502,4513.847193288659,4020.3684387972603,4239.9571469740185,4958.571954336346,3866.506480405089,4532.309854203288,5100.669535281148,4586.103796067891,3758.271819202684,4378.635565204613,3594.1272646013294,4359.403046166208,5678.387013618105,4826.951380346763,3878.495705755383,4169.0739408210175,5147.276550025997,5666.544090555865,4971.3871816198025,5704.161731206719,3802.2984558631165,3710.5615892591645,4524.609339195984,3870.7302483864532,3453.8725630651234,3554.0682572556234,3770.3477467627667,4804.914578174131,4794.262295173019,4263.127786879329,3546.6551051289052,4986.76557914562,4885.1000796917415,4965.126945544044,5392.771322195166,5830.239222909339,3973.5930943297744,3957.9420292830714,4719.078075489988,3847.698164112492,3425.265923778603,5096.166316802261,4799.1207431635485,5238.943141851843,5864.503103632593,4828.819681335593,4489.604266429088
4504.458158283999,4304.623911520188,4862.569143950524,4086.823263177502,4513.847193288659,4020.3684387972603,4239.9571469740185,4958.571954336346,3528.397248954143,4523.8327554996085,4573.112346483231,4586.103796067891,3758.271819202684,4378.635565204613,3594.1272646013294,4359.403046166208,5159.647700887946,4553.853459374186,3878.495705755383,4169.0739408210175,4738.1277195454995,5666.544090555865,4971.3871816198025,5704.161731206719,3802.2984558631165,3710.5615892591645,4524.609339195984,3870.7302483864532,3453.8725630651234,3288.808510811966,3770.3477467627667,4804.914578174131,4794.262295173019,4172.565444026317,3546.6551051289052,4986.76557914562,4881.380991605924,4965.126945544044,5392.771322195166,5750.961869747382,3973.5930943297744,3957.9420292830714,4719.078075489988,3847.698164112492,3283.7472853169675,5096.166316802261,4799.1207431635485,5238.943141851843,5864.503103632593,4828.819681335593,4489.604266429088
4504.458158283999,4304.623911520188,4862.569143950524,4086.823263177502,4513.847193288659,4020.3684387972603,4239.9571469740185,4958.571954336346,3528.397248954143,4490.707762250061,4573.112346483231,4342.106605208809,3758.271819202684,4378.635565204613,3594.1272646013294,4359.403046166208,5159.647700887946,4553.853459374186,3878.495705755383,4169.0739408210175,4738.1277195454995,5666.544090555865,4971.3871816198025,5704.161731206719,3802.2984558631165,3710.5615892591645,4509.0481404475595,3870.7302483864532,3453.8725630651234,3288.808510811966,3770.3477467627667,4555.3528880722215,4794.262295173019,4172.565444026317,3546.6551051289052,4986.76557914562,4881.380991605924,4288.916343619692,5392.771322195166,5750.961869747382,3973.5930943297744,3957.9420292830714,4719.078075489988,3847.698164112492,3283.7472853169675,5042.071442095587,4799.1207431635485,5238.943141851843,5864.503103632593,4828.819681335593,4409.437077709919
4504.458158283999,3402.4047134693765,4862.569143950524,4086.823263177502,4470.641799398441,4020.3684387972603,4239.9571469740185,4958.571954336346,3014.1486054286925,4490.707762250061,4573.112346483231,4328.841017566845,3758.271819202684,4378.635565204613,3594.1272646013294,4359.403046166208,5159.647700887946,4553.853459374186,3878.495705755383,4169.0739408210175,4629.707756901449,5666.544090555865,4971.3871816198025,5704.161731206719,3802.2984558631165,3710.5615892591645,4509.0481404475595,3870.7302483864532,3453.8725630651234,3288.808510811966,3770.3477467627667,4555.3528880722215,4794.262295173019,4172.565444026317,3546.6551051289052,4986.76557914562,4881.380991605924,4288.916343619692,5392.771322195166,5550.367027501368,3973.5930943297744,3957.9420292830714,4719.078075489988,3847.698164112492,2864.6282661309897,5042.071442095587,4799.1207431635485,5238.943141851843,5864.503103632593,4828.819681335593,4409.437077709919
4504.458158283999,3402.4047134693765,4862.569143950524,4086.823263177502,4470.641799398441,4020.3684387972603,4239.9571469740185,4958.571954336346,3014.1486054286925,4490.707762250061,4573.112346483231,4328.841017566845,3758.271819202684,4378.635565204613,3594.1272646013294,4359.403046166208,5159.647700887946,4553.853459374186,3878.495705755383,4169.0739408210175,4629.707756901449,5666.544090555865,4971.3871816198025,5704.161731206719,3802.2984558631165,3710.5615892591645,4509.0481404475595,3870.7302483864532,3453.8725630651234,3288.808510811966,3770.3477467627667,4555.3528880722215,4794.262295173019,4172.565444026317,3546.6551051289052,4986.76557914562,4881.380991605924,4288.916343619692,5392.771322195166,5550.367027501368,3973.5930943297744,3957.9420292830714,4719.078075489988,3847.698164112492,2864.6282661309897,5042.071442095587,4799.1207431635485,5238.943141851843,5864.503103632593,4828.819681335593,4409.437077709919
4504.458158283999,3402.4047134693765,4862.569143950524,4086.823263177502,4470.641799398441,4020.3684387972603,4239.9571469740185,4958.571954336346,3014.1486054286925,4490.707762250061,4573.112346483231,4328.841017566845,3758.271819202684,4378.635565204613,3594.1272646013294,4359.403046166208,5159.647700887946,4553.853459374186,3878.495705755383,4169.0739408210175,4629.707756901449,5666.544090555865,4971.3871816198025,5704.161731206719,3802.2984558631165,3710.5615892591645,4509.0481404475595,3870.7302483864532,3453.8725630651234,3288.808510811966,3770.3477467627667,4555.3528880722215,4794.262295173019,4172.565444026317,3546.6551051289052,4986.76557914562,4881.380991605924,4288.916343619692,5392.771322195166,5550.367027501368,3973.5930943297744,3957.9420292830714,4719.078075489988,3847.698164112492,2864.6282661309897,5042.071442095587,4799.1207431635485,5238.943141851843,5864.503103632593,4828.819681335593,4409.437077709919
4504.458158283999,3402.4047134693765,4862.569143950524,4086.823263177502,4470.641799398441,4020.3684387972603,4239.9571469740185,4958.571954336346,3014.1486054286925,4490.707762250061,4573.112346483231,4328.841017566845,3758.271819202684,4378.635565204613,3594.1272646013294,4359.403046166208,5159.647700887946,4553.853459374186,3878.495705755383,4169.0739408210175,4629.707756901449,5666.544090555865,4971.3871816198025,5704.161731206719,3802.2984558631165,3710.5615892591645,4509.0481404475595,3870.7302483864532,3453.8725630651234,3288.808510811966,3770.3477467627667,4555.3528880722215,4794.262295173019,4172.565444026317,3546.6551051289052,4986.76557914562,4881.380991605924,4288.916343619692,5392.771322195166,5550.367027501368,3973.5930943297744,3957.9420292830714,4719.078075489988,3847.698164112492,2864.6282661309897,5042.071442095587,4799.1207431635485,5238.943141851843,5864.503103632593,4828.819681335593,4409.437077709919
4504.458158283999,3402.4047134693765,4862.569143950524,4086.823263177502,4470.641799398441,4020.3684387972603,4239.9571469740185,4958.571954336346,3014.1486054286925,4490.707762250061,4573.112346483231,4328.841017566845,3758.271819202684,4378.635565204613,3594.1272646013294,4359.403046166208,5159.647700887946,4553.853459374186,3878.495705755383,4169.0739408210175,4629.707756901449,5666.544090555865,4971.3871816198025,5704.161731206719,3802.2984558631165,3710.5615892591645,4509.0481404475595,3870.7302483864532,3453.8725630651234,3288.808510811966,3770.3477467627667,4555.3528880722215,4794.262295173019,4172.565444026317,3546.6551051289052,4986.76557914562,4881.380991605924,4288.916343619692,5392.771322195166,5550.367027501368,3973.5930943297744,3957.9420292830714,4719.078075489988,3847.698164112492,2864.6282661309897,5042.071442095587,4799.1207431635485,5238.943141851843,5864.503103632593,4828.819681335593,4409.437077709919
4504.458158283999,3402.4047134693765,4862.569143950524,4086.823263177502,4470.641799398441,4020.3684387972603,4239.9571469740185,4958.571954336346,3014.1486054286925,4490.707762250061,4573.112346483231,4328.841017566845,3758.271819202684,4378.635565204613,3594.1272646013294,4359.403046166208,5159.647700887946,4553.853459374186,3878.495705755383,4169.0739408210175,4629.707756901449,5666.544090555865,4971.3871816198025,5704.161731206719,3802.2984558631165,3710.5615892591645,4509.0481404475595,3870.7302483864532,3453.8725630651234,3288.808510811966,3770.3477467627667,4555.3528880722215,4794.262295173019,4172.565444026317,3546.6551051289052,4986.76557914562,4881.380991605924,4288.916343619692,5392.771322195166,5550.367027501368,3973.5930943297744,3957.9420292830714,4719.078075489988,3847.698164112492,2864.6282661309897,5042.071442095587,4799.1207431635485,5238.943141851843,5864.503103632593,4828.819681335593,4409.437077709919
4504.458158283999,3402.4047134693765,4862.569143950524,4086.823263177502,4470.641799398441,4020.3684387972603,4239.9571469740185,4958.571954336346,3014.1486054286925,4490.707762250061,4573.112346483231,4328.841017566845,3758.271819202684,4378.635565204613,3594.1272646013294,4359.403046166208,5159.647700887946,4553.853459374186,3878.495705755383,4169.0739408210175,4629.707756901449,5666.544090555865,4971.3871816198025,5704.161731206719,3802.2984558631165,3710.5615892591645,4509.0481404475595,3870.7302483864532,3453.8725630651234,3288.808510811966,3770.3477467627667,4555.3528880722215,4794.262295173019,4172.565444026317,3546.6551051289052,4986.76557914562,4881.380991605924,4288.916343619692,5392.771322195166,5550.367027501368,3973.5930943297744,3957.9420292830714,4719.078075489988,3847.698164112492,2864.6282661309897,5042.071442095587,4799.1207431635485,5238.943141851843,5864.503103632593,4828.819681335593,4409.437077709919
4504.458158283999,3402.4047134693765,4862.569143950524,4086.823263177502,4470.641799398441,4020.3684387972603,4239.9571469740185,4958.571954336346,3014.1486054286925,4490.707762250061,4573.112346483231,4328.841017566845,3758.271819202684,4378.635565204613,3594.1272646013294,4359.403046166208,5159.647700887946,4553.853459374186,3878.495705755383,4169.0739408210175,4629.707756901449,5666.544090555865,4971.3871816198025,5704.161731206719,3802.2984558631165,3710.5615892591645,4509.0481404475595,3870.7302483864532,3453.8725630651234,3288.808510811966,3770.3477467627667,4555.3528880722215,4794.262295173019,4172.565444026317,3546.6551051289052,4986.76557914562,4881.380991605924,4288.916343619692,5392.771322195166,5550.367027501368,3973.5930943297744,3957.9420292830714,4719.078075489988,3847.698164112492,2864.6282661309897,5042.071442095587,4799.1207431635485,5238.943141851843,5864.503103632593,4828.819681335593,4409.437077709919
4504.458158283999,3402.4047134693765,4862.569143950524,4086.823263177502,4470.641799398441,4020.3684387972603,4239.9571469740185,4958.571954336346,3014.1486054286925,4490.707762250061,4573.112346483231,4328.841017566845,3758.271819202684,4378.635565204613,3594.1272646013294,4359.403046166208,5159.647700887946,4553.853459374186,3878.495705755383,4169.0739408210175,4629.707756901449,5666.544090555865,4971.3871816198025,5704.161731206719,3802.2984558631165,3710.5615892591645,4509.0481404475595,3870.7302483864532,3453.8725630651234,3288.808510811966,3770.3477467627667,4555.3528880722215,4794.262295173019,4172.565444026317,3546.6551051289052,4986.76557914562,4881.380991605924,4288.916343619692,5392.771322195166,5550.367027501368,3973.5930943297744,3957.9420292830714,4719.078075489988,3847.698164112492,2864.6282661309897,5042.071442095587,4799.1207431635485,5238.943141851843,5864.503103632593,4828.819681335593,4409.437077709919
4504.458158283999,3402.4047134693765,4862.569143950524,4086.823263177502,4470.641799398441,4020.3684387972603,4239.9571469740185,4958.571954336346,3014.1486054286925,4490.707762250061,4573.112346483231,4328.841017566845,3758.271819202684,4378.635565204613,3594.1272646013294,4359.403046166208,5159.647700887946,4553.853459374186,3878.495705755383,4169.0739408210175,4629.707756901449,5666.544090555865,4971.3871816198025,5704.161731206719,3802.2984558631165,3710.5615892591645,4509.0481404475595,3870.7302483864532,3453.8725630651234,3288.808510811966,3770.3477467627667,4555.3528880722215,4794.262295173019,4172.565444026317,3546.6551051289052,4986.76557914562,4881.380991605924,4288.916343619692,5392.771322195166,5550.367027501368,3973.5930943297744,3957.9420292830714,4719.078075489988,3847.698164112492,2864.6282661309897,5042.071442095587,4799.1207431635485,5238.943141851843,5864.503103632593,4828.819681335593,4409.437077709919
4504.458158283999,3402.4047134693765,4862.569143950524,4086.823263177502,4470.641799398441,4020.3684387972603,4239.9571469740185,4958.571954336346,3014.1486054286925,4490.707762250061,4573.112346483231,4328.841017566845,3758.271819202684,4378.635565204613,3594.1272646013294,4359.403046166208,5159.647700887946,4553.853459374186,3878.495705755383,4169.0739408210175,4629.707756901449,5666.544090555865,4971.3871816198025,5704.161731206719,3802.2984558631165,3710.5615892591645,4509.0481404475595,3870.7302483864532,3453.8725630651234,3288.808510811966,3770.3477467627667,4555.3528880722215,4794.262295173019,4172.565444026317,3546.6551051289052,4986.76557914562,4881.380991605924,4288.916343619692,5392.771322195166,5550.367027501368,3973.5930943297744,3957.9420292830714,4719.078075489988,3847.698164112492,2864.6282661309897,5042.071442095587,4799.1207431635485,5238.943141851843,5864.503103632593,4828.819681335593,4409.437077709919
4504.458158283999,3402.4047134693765,4862.569143950524,4086.823263177502,4470.641799398441,4020.3684387972603,4239.9571469740185,4958.571954336346,3014.1486054286925,4490.707762250061,4573.112346483231,4328.841017566845,3758.271819202684,4378.635565204613,3594.1272646013294,4359.403046166208,5159.647700887946,4553.853459374186,3878.495705755383,4169.0739408210175,4629.707756901449,5666.544090555865,4971.3871816198025,5704.161731206719,3802.2984558631165,3710.5615892591645,4509.0481404475595,3870.7302483864532,3453.8725630651234,3288.808510811966,3770.3477467627667,4555.3528880722215,4794.262295173019,4172.565444026317,3546.6551051289052,4986.76557914562,4881.380991605924,4288.916343619692,5392.771322195166,5550.367027501368,3973.5930943297744,3957.9420292830714,4719.078075489988,3847.698164112492,2864.6282661309897,5042.071442095587,4799.1207431635485,5238.943141851843,5864.503103632593,4828.819681335593,4409.437077709919
4504.458158283999,3402.4047134693765,4862.569143950524,4086.823263177502,4470.641799398441,4020.3684387972603,4239.9571469740185,4958.571954336346,3014.1486054286925,4490.707762250061,4573.112346483231,4328.841017566845,3758.271819202684,4378.635565204613,3594.1272646013294,4359.403046166208,5159.647700887946,4553.853459374186,3878.495705755383,4169.0739408210175,4629.707756901449,5666.544090555865,4971.3871816198025,5704.161731206719,3802.2984558631165,3710.5615892591645,4509.0481404475595,3870.7302483864532,3453.8725630651234,3288.808510811966,3770.3477467627667,4555.3528880722215,4794.262295173019,4172.565444026317,3546.6551051289052,4986.76557914562,4881.380991605924,4288.916343619692,5392.771322195166,5550.367027501368,3973.5930943297744,3957.9420292830714,4719.078075489988,3847.698164112492,2864.6282661309897,5042.071442095587,4799.1207431635485,5238.943141851843,5864.503103632593,4828.819681335593,4409.437077709919
4504.458158283999,3402.4047134693765,4862.569143950524,4086.823263177502,4470.641799398441,4020.3684387972603,4239.9571469740185,4958.571954336346,3014.1486054286925,4490.707762250061,4573.112346483231,4328.841017566845,3758.271819202684,4378.635565204613,3594.1272646013294,4359.403046166208,4506.001436364628,4553.853459374186,3878.495705755383,4169.0739408210175,4629.707756901449,5666.544090555865,4971.3871816198025,5704.161731206719,3802.2984558631165,3710.5615892591645,4509.0481404475595,3870.7302483864532,3453.8725630651234,3288.808510811966,3770.3477467627667,4555.3528880722215,4794.262295173019,4172.565444026317,3546.6551051289052,4986.76557914562,4881.380991605924,4288.916343619692,5392.771322195166,5550.367027501368,3973.5930943297744,3957.9420292830714,4719.078075489988,3847.698164112492,2864.6282661309897,5042.071442095587,4799.1207431635485,5238.943141851843,5864.503103632593,4828.819681335593,4409.437077709919
4504.458158283999,3402.4047134693765,4862.569143950524,4086.823263177502,4470.641799398441,4020.3684387972603,4239.9571469740185,4958.571954336346,3014.1486054286925,4490.707762250061,4573.112346483231,4328.841017566845,3758.271819202684,4378.635565204613,3594.1272646013294,4359.403046166208,4506.001436364628,4553.853459374186,3878.495705755383,4169.0739408210175,4629.707756901449,5666.544090555865,4971.3871816198025,5704.161731206719,3802.2984558631165,3710.5615892591645,4509.0481404475595,3870.7302483864532,3453.8725630651234,3288.808510811966,3770.3477467627667,4555.3528880722215,4794.262295173019,4172.565444026317,3546.6551051289052,4986.76557914562,4881.380991605924,4288.916343619692,5392.771322195166,5550.367027501368,3973.5930943297744,3957.9420292830714,4719.078075489988,3847.698164112492,2864.6282661309897,5042.071442095587,4799.1207431635485,5238.943141851843,5864.503103632593,4828.819681335593,4409.437077709919
4504.458158283999,3402.4047134693765,4862.569143950524,4086.823263177502,4470.641799398441,4020.3684387972603,4239.9571469740185,4958.571954336346,3014.1486054286925,4490.707762250061,4573.112346483231,4328.841017566845,3758.271819202684,4378.635565204613,3594.1272646013294,4359.403046166208,4506.001436364628,4553.853459374186,3878.495705755383,4169.0739408210175,4629.707756901449,5666.544090555865,4971.3871816198025,5704.161731206719,3802.2984558631165,3710.5615892591645,4509.0481404475595,3870.7302483864532,3453.8725630651234,3288.808510811966,3770.3477467627667,4555.3528880722215,4794.262295173019,4172.565444026317,3546.6551051289052,4986.76557914562,4881.380991605924,4288.916343619692,5392.771322195166,5550.367027501368,3973.5930943297744,3957.9420292830714,4719.078075489988,3847.698164112492,2864.6282661309897,5042.071442095587,4799.1207431635485,5238.943141851843,5864.503103632593,4828.819681335593,4409.437077709919
4504.458158283999,3402.4047134693765,4862.569143950524,4086.823263177502,4470.641799398441,4020.3684387972603,4239.9571469740185,4958.571954336346,3014.1486054286925,4490.707762250061,4573.112346483231,4328.841017566845,3758.271819202684,4378.635565204613,3594.1272646013294,4359.403046166208,4506.001436364628,4553.853459374186,3878.495705755383,4169.0739408210175,4629.707756901449,5666.544090555865,4971.3871816198025,5704.161731206719,3802.2984558631165,3710.5615892591645,4509.0481404475595,3870.7302483864532,3453.8725630651234,3288.808510811966,3770.3477467627667,4555.3528880722215,4794.262295173019,4172.565444026317,3546.6551051289052,4986.76557914562,4881.380991605924,4288.916343619692,5392.771322195166,5550.367027501368,3973.5930943297744,3957.9420292830714,4719.078075489988,3847.698164112492,2864.6282661309897,5042.071442095587,4799.1207431635485,5238.943141851843,5864.503103632593,4828.819681335593,4409.437077709919
4504.458158283999,3402.4047134693765,4862.569143950524,4086.823263177502,4470.641799398441,4020.3684387972603,4239.9571469740185,4958.571954336346,3014.1486054286925,4490.707762250061,4573.112346483231,4328.841017566845,3758.271819202684,4378.635565204613,3594.1272646013294,4359.403046166208,4506.001436364628,4553.853459374186,3878.495705755383,4169.0739408210175,4629.707756901449,5666.544090555865,4971.3871816198025,5704.161731206719,3802.2984558631165,3710.5615892591645,4509.0481404475595,3870.7302483864532,3453.8725630651234,3288.808510811966,3770.3477467627667,4555.3528880722215,4794.262295173019,4172.565444026317,3546.6551051289052,4986.76557914562,4881.380991605924,4288.916343619692,5392.771322195166,5550.367027501368,3973.5930943297744,3957.9420292830714,4719.078075489988,3847.698164112492,2864.6282661309897,4867.205438056101,4799.1207431635485,5238.943141851843,5864.503103632593,4828.819681335593,4409.437077709919
4504.458158283999,3402.4047134693765,4862.569143950524,4086.823263177502,4470.641799398441,4020.3684387972603,4239.9571469740185,4958.571954336346,3014.1486054286925,4490.707762250061,4573.112346483231,4328.841017566845,3758.271819202684,4378.635565204613,3594.1272646013294,4359.403046166208,4506.001436364628,4553.853459374186,3878.495705755383,4169.0739408210175,4629.707756901449,5666.544090555865,4971.3871816198025,5704.161731206719,3802.2984558631165,3710.5615892591645,4509.0481404475595,3870.7302483864532,3453.8725630651234,3288.808510811966,3770.3477467627667,4555.3528880722215,4794.262295173019,4172.565444026317,3546.6551051289052,4986.76557914562,4881.380991605924,4152.85572589744,5392.771322195166,5550.367027501368,3973.5930943297744,3957.9420292830714,4719.078075489988,3847.698164112492,2864.6282661309897,4867.205438056101,4799.1207431635485,5238.943141851843,5864.503103632593,4828.819681335593,4409.437077709919
4504.458158283999,3402.4047134693765,4862.569143950524,4086.823263177502,4470.641799398441,4020.3684387972603,4239.9571469740185,4958.571954336346,3014.1486054286925,4490.707762250061,4573.112346483231,4328.841017566845,3758.271819202684,4378.635565204613,3594.1272646013294,4359.403046166208,4506.001436364628,4553.853459374186,3878.495705755383,4169.0739408210175,4629.707756901449,5666.544090555865,4971.3871816198025,5704.161731206719,3802.2984558631165,3710.5615892591645,4509.0481404475595,3870.7302483864532,3453.8725630651234,3288.808510811966,3770.3477467627667,4555.3528880722215,4794.262295173019,4172.565444026317,3546.6551051289052,4986.76557914562,4881.380991605924,4152.85572589744,5392.771322195166,4849.096630560329,3973.5930943297744,3957.9420292830714,4719.078075489988,3847.698164112492,2864.6282661309897,4867.205438056101,4799.1207431635485,5238.943141851843,5864.503103632593,4828.819681335593,4409.437077709919
4504.458158283999,3402.4047134693765,4862.569143950524,4086.823263177502,4470.641799398441,4020.3684387972603,4239.9571469740185,4958.571954336346,3014.1486054286925,4490.707762250061,4573.112346483231,4328.841017566845,3758.271819202684,4378.635565204613,3594.1272646013294,4359.403046166208,4506.001436364628,4553.853459374186,3878.495705755383,4169.0739408210175,4629.707756901449,5666.544090555865,4971.3871816198025,5704.161731206719,3802.2984558631165,3710.5615892591645,4509.0481404475595,3870.7302483864532,3453.8725630651234,3288.808510811966,3770.3477467627667,4555.3528880722215,4794.262295173019,4172.565444026317,3546.6551051289052,4986.76557914562,4881.380991605924,4152.85572589744,5392.771322195166,4849.096630560329,3973.5930943297744,3957.9420292830714,4719.078075489988,3847.698164112492,2864.6282661309897,4867.205438056101,4799.1207431635485,4867.331108101687,5864.503103632593,4828.819681335593,4409.437077709919
4504.458158283999,3402.4047134693765,4862.569143950524,4086.823263177502,4470.641799398441,4020.3684387972603,4239.9571469740185,4958.571954336346,3014.1486054286925,4490.707762250061,4573.112346483231,4328.841017566845,3758.271819202684,4378.635565204613,3594.1272646013294,4359.403046166208,4506.001436364628,4553.853459374186,3878.495705755383,4169.0739408210175,4629.707756901449,5666.544090555865,4971.3871816198025,5704.161731206719,3802.2984558631165,3710.5615892591645,4509.0481404475595,3870.7302483864532,3453.8725630651234,3288.808510811966,3770.3477467627667,4555.3528880722215,4794.262295173019,4172.565444026317,3546.6551051289052,4986.76557914562,4881.380991605924,4152.85572589744,5392.771322195166,4849.096630560329,3973.5930943297744,3957.9420292830714,4719.078075489988,3847.698164112492,2864.6282661309897,4867.205438056101,4799.1207431635485,4867.331108101687,5864.503103632593,4828.819681335593,4409.437077709919
4504.458158283999,3402.4047134693765,4862.569143950524,4086.823263177502,4470.641799398441,4020.3684387972603,4239.9571469740185,4958.571954336346,3014.1486054286925,4490.707762250061,4573.112346483231,4328.841017566845,3758.271819202684,4378.635565204613,3594.1272646013294,4359.403046166208,4506.001436364628,4553.853459374186,3878.495705755383,4169.0739408210175,4629.707756901449,5666.544090555865,4971.3871816198025,5704.161731206719,3802.2984558631165,3710.5615892591645,4509.0481404475595,3870.7302483864532,3453.8725630651234,3288.808510811966,3770.3477467627667,4136.8672151552,4794.262295173019,4172.565444026317,3546.6551051289052,4986.76557914562,4881.380991605924,4152.85572589744,5392.771322195166,4849.096630560329,3973.5930943297744,3957.9420292830714,4719.078075489988,3847.698164112492,2864.6282661309897,4867.205438056101,4799.1207431635485,4841.360830960251,5864.503103632593,4828.819681335593,4409.437077709919
4504.458158283999,3402.4047134693765,4862.569143950524,4086.823263177502,4470.641799398441,4020.3684387972603,4239.9571469740185,4958.571954336346,3014.1486054286925,4490.707762250061,4573.112346483231,4328.841017566845,3758.271819202684,4378.635565204613,3594.1272646013294,4359.403046166208,4506.001436364628,4553.853459374186,3878.495705755383,4169.0739408210175,4629.707756901449,5666.544090555865,4929.734118997545,5704.161731206719,3802.2984558631165,3710.5615892591645,4509.0481404475595,3870.7302483864532,3453.8725630651234,3288.808510811966,3770.3477467627667,4136.8672151552,4794.262295173019,4172.565444026317,3546.6551051289052,4986.76557914562,4881.380991605924,4152.85572589744,5392.771322195166,4849.096630560329,3973.5930943297744,3957.9420292830714,4719.078075489988,3847.698164112492,2864.6282661309897,4867.205438056101,4799.1207431635485,4574.529260438156,5864.503103632593,4828.819681335593,4409.437077709919
4504.458158283999,3402.4047134693765,4862.569143950524,4086.823263177502,4470.641799398441,4020.3684387972603,4239.9571469740185,4958.571954336346,3014.1486054286925,4490.707762250061,4573.112346483231,4328.841017566845,3758.271819202684,4378.635565204613,3594.1272646013294,4359.403046166208,4506.001436364628,4553.853459374186,3878.495705755383,4169.0739408210175,4629.707756901449,5666.544090555865,4929.734118997545,5704.161731206719,3802.2984558631165,3710.5615892591645,4509.0481404475595,3870.7302483864532,3453.8725630651234,3288.808510811966,3770.3477467627667,4136.8672151552,4794.262295173019,4172.565444026317,3546.6551051289052,4986.76557914562,4881.380991605924,3812.9457500511962,5392.771322195166,4316.418851729135,3973.5930943297744,3957.9420292830714,4719.078075489988,3847.698164112492,2864.6282661309897,4867.205438056101,4799.1207431635485,4574.529260438156,5547.633725586316,4828.819681335593,4409.437077709919
4504.458158283999,3402.4047134693765,4862.569143950524,4086.823263177502,4470.641799398441,4020.3684387972603,4239.9571469740185,4958.571954336346,3014.1486054286925,4490.707762250061,4573.112346483231,4328.841017566845,3758.271819202684,4378.635565204613,3594.1272646013294,4359.403046166208,4506.001436364628,4553.853459374186,3878.495705755383,4169.0739408210175,4629.707756901449,5666.544090555865,4929.734118997545,5704.161731206719,3802.2984558631165,3710.5615892591645,4509.0481404475595,3870.7302483864532,3453.8725630651234,3288.808510811966,3770.3477467627667,4136.8672151552,4794.262295173019,4172.565444026317,3546.6551051289052,4986.76557914562,4881.380991605924,3812.9457500511962,5392.771322195166,4316.418851729135,3973.5930943297744,3957.9420292830714,4719.078075489988,3847.698164112492,2864.6282661309897,4867.205438056101,4799.1207431635485,4574.529260438156,5547.633725586316,4828.819681335593,4409.437077709919
4504.458158283999,3402.4047134693765,4862.569143950524,4086.823263177502,4334.841298370855,4020.3684387972603,4239.9571469740185,4958.571954336346,3014.1486054286925,4490.707762250061,4573.112346483231,3949.1168897308953,3758.271819202684,4378.635565204613,3594.1272646013294,4359.403046166208,4506.001436364628,4553.853459374186,3878.495705755383,4169.0739408210175,4629.707756901449,5666.544090555865,4929.734118997545,5704.161731206719,3802.2984558631165,3710.5615892591645,4509.0481404475595,3870.7302483864532,3453.8725630651234,3288.808510811966,3770.3477467627667,4136.8672151552,4794.262295173019,4172.565444026317,3546.6551051289052,4986.76557914562,4881.380991605924,3812.9457500511962,5392.771322195166,4316.418851729135,3973.5930943297744,3957.9420292830714,4609.511778002668,3847.698164112492,2864.6282661309897,4867.205438056101,4799.1207431635485,4522.845225707862,5167.241117076213,4828.819681335593,4409.437077709919
4504.458158283999,3402.4047134693765,4862.569143950524,4086.823263177502,4334.841298370855,4020.3684387972603,4239.9571469740185,4958.571954336346,3014.1486054286925,4490.707762250061,4573.112346483231,3949.1168897308953,3758.271819202684,4378.635565204613,3594.1272646013294,4359.403046166208,4506.001436364628,4553.853459374186,3878.495705755383,4169.0739408210175,4629.707756901449,5666.544090555865,4929.734118997545,5704.161731206719,3802.2984558631165,3710.5615892591645,4509.0481404475595,3870.7302483864532,3453.8725630651234,3288.808510811966,3770.3477467627667,4136.8672151552,4794.262295173019,4172.565444026317,3546.6551051289052,4986.76557914562,4881.380991605924,3812.9457500511962,5392.771322195166,4174.437142605559,3973.5930943297744,3957.9420292830714,4609.511778002668,3847.698164112492,2864.6282661309897,4867.205438056101,4799.1207431635485,4522.845225707862,5167.241117076213,4828.819681335593,4409.437077709919
4504.458158283999,3402.4047134693765,4862.569143950524,4086.823263177502,4310.189533219873,4020.3684387972603,4239.9571469740185,4958.571954336346,3014.1486054286925,4490.707762250061,4573.112346483231,3949.1168897308953,3758.271819202684,3846.123848784606,3594.1272646013294,4359.403046166208,4506.001436364628,4553.853459374186,3878.495705755383,4169.0739408210175,4629.707756901449,5666.544090555865,4929.734118997545,5704.161731206719,3802.2984558631165,3710.5615892591645,4509.0481404475595,3870.7302483864532,3453.8725630651234,3288.808510811966,3770.3477467627667,4136.8672151552,4794.262295173019,4172.565444026317,3546.6551051289052,4986.76557914562,4881.380991605924,3812.9457500511962,5392.771322195166,4174.437142605559,3973.5930943297744,3957.9420292830714,4609.511778002668,3847.698164112492,2864.6282661309897,4867.205438056101,4799.1207431635485,4269.685491839734,5107.760693140473,4828.819681335593,4409.437077709919
4504.458158283999,3402.4047134693765,4862.569143950524,4086.823263177502,4256.162316571175,4020.3684387972603,4239.9571469740185,4657.807707447213,3014.1486054286925,4490.707762250061,4573.112346483231,3949.1168897308953,3758.271819202684,3846.123848784606,3594.1272646013294,4359.403046166208,4506.001436364628,4553.853459374186,3878.495705755383,4169.0739408210175,4629.707756901449,5666.544090555865,4246.226780050105,5704.161731206719,3802.2984558631165,3710.5615892591645,4509.0481404475595,3870.7302483864532,3453.8725630651234,3288.808510811966,3770.3477467627667,4136.8672151552,4794.262295173019,4172.565444026317,3546.6551051289052,4986.76557914562,4881.380991605924,3812.9457500511962,5392.771322195166,4041.546782869131,3973.5930943297744,3957.9420292830714,4609.511778002668,3847.698164112492,2864.6282661309897,4653.778419996937,4799.1207431635485,4044.8639474828155,5072.984601734935,4828.819681335593,4409.437077709919
4504.458158283999,3402.4047134693765,4862.569143950524,4086.823263177502,4256.162316571175,4020.3684387972603,4239.9571469740185,4657.807707447213,3014.1486054286925,4490.707762250061,4573.112346483231,3949.1168897308953,3758.271819202684,3846.123848784606,3594.1272646013294,4359.403046166208,4506.001436364628,4553.853459374186,3878.495705755383,4169.0739408210175,4372.575102834064,5666.544090555865,4246.226780050105,5704.161731206719,3802.2984558631165,3710.5615892591645,4509.0481404475595,3870.7302483864532,3453.8725630651234,3288.808510811966,3770.3477467627667,4136.8672151552,4794.262295173019,4172.565444026317,3546.6551051289052,4986.76557914562,4881.380991605924,3812.9457500511962,5392.771322195166,4041.546782869131,3973.5930943297744,3957.9420292830714,4609.511778002668,3847.698164112492,2864.6282661309897,4653.778419996937,4799.1207431635485,4044.8639474828155,5072.984601734935,4828.819681335593,4409.437077709919
4504.458158283999,3402.4047134693765,4862.569143950524,4060.0931726859735,4256.162316571175,4020.3684387972603,4239.9571469740185,4657.807707447213,3014.1486054286925,4490.707762250061,4573.112346483231,3949.1168897308953,3758.271819202684,3846.123848784606,3594.1272646013294,4359.403046166208,4506.001436364628,4442.80419813096,3878.495705755383,4169.0739408210175,4372.575102834064,5666.544090555865,4246.226780050105,5704.161731206719,3802.2984558631165,3651.9580098431647,4389.45869103943,3870.7302483864532,3453.8725630651234,3288.808510811966,3770.3477467627667,4132.085590711529,4794.262295173019,4172.565444026317,3546.6551051289052,4986.76557914562,4881.380991605924,3492.6579169360293,4613.361632537918,4041.546782869131,3973.5930943297744,3957.9420292830714,4609.511778002668,3847.698164112492,2864.6282661309897,4653.778419996937,4799.1207431635485,4044.8639474828155,4672.346920994887,4550.222829807737,4409.437077709919
4504.458158283999,3402.4047134693765,4862.569143950524,4060.0931726859735,4064.6427291668415,4020.3684387972603,4239.9571469740185,4657.807707447213,3014.1486054286925,4280.284881873155,4573.112346483231,3949.1168897308953,3758.271819202684,3846.123848784606,3594.1272646013294,4359.403046166208,4280.855970701185,4273.104156817001,3878.495705755383,4169.0739408210175,3734.9440055848704,5666.544090555865,4246.226780050105,5704.161731206719,3802.2984558631165,3651.9580098431647,4389.45869103943,3870.7302483864532,3453.8725630651234,3288.808510811966,3770.3477467627667,4132.085590711529,4794.262295173019,4172.565444026317,3546.6551051289052,4986.76557914562,4881.380991605924,3492.6579169360293,4613.361632537918,4041.546782869131,3973.5930943297744,3957.9420292830714,4609.511778002668,3847.698164112492,2753.16755891865,4481.526978339747,4799.1207431635485,4039.8460797104476,4672.346920994887,4550.222829807737,4409.437077709919
4504.458158283999,3402.4047134693765,4862.569143950524,4060.0931726859735,3946.5811685440194,4020.3684387972603,4239.9571469740185,4426.350454220382,3014.1486054286925,4084.239142988352,4115.556996150776,3949.1168897308953,3758.271819202684,3846.123848784606,3594.1272646013294,4359.403046166208,4280.855970701185,4235.438983269572,3878.495705755383,4169.0739408210175,3734.9440055848704,5666.544090555865,4246.226780050105,5704.161731206719,3802.2984558631165,3651.9580098431647,4389.45869103943,3870.7302483864532,3453.8725630651234,3288.808510811966,3770.3477467627667,3962.725806606219,4794.262295173019,4172.565444026317,3546.6551051289052,4986.76557914562,4881.380991605924,3492.6579169360293,4613.361632537918,4041.546782869131,3973.5930943297744,3957.9420292830714,4390.994858007249,3847.698164112492,2753.16755891865,4481.526978339747,4799.1207431635485,3759.2433392145786,4672.346920994887,4550.222829807737,4409.437077709919
4186.222913424418,3402.4047134693765,4862.569143950524,4060.0931726859735,3946.5811685440194,4020.3684387972603,4239.9571469740185,4410.409477528003,3014.1486054286925,4084.239142988352,4115.556996150776,3453.1109606276514,3758.271819202684,3829.5727743560337,3594.1272646013294,4359.403046166208,4280.855970701185,4235.438983269572,3878.495705755383,4169.0739408210175,3734.9440055848704,5666.544090555865,4246.226780050105,5704.161731206719,3802.2984558631165,3651.9580098431647,4389.45869103943,3870.7302483864532,3453.8725630651234,3288.808510811966,3770.3477467627667,3962.725806606219,4794.262295173019,3801.4788058643594,3546.6551051289052,4986.76557914562,4881.380991605924,3492.6579169360293,4613.361632537918,4041.546782869131,3973.5930943297744,3957.9420292830714,4390.994858007249,3847.698164112492,2753.16755891865,4481.526978339747,4799.1207431635485,3759.2433392145786,4672.346920994887,4550.222829807737,4409.437077709919
4186.222913424418,3402.4047134693765,4862.569143950524,4060.0931726859735,3846.1173951228375,4020.3684387972603,4239.9571469740185,4410.409477528003,3014.1486054286925,4084.239142988352,4115.556996150776,3453.1109606276514,3758.271819202684,3723.764533645658,3594.1272646013294,4359.403046166208,4280.855970701185,4221.17462184963,3878.495705755383,4169.0739408210175,3734.9440055848704,5666.544090555865,4246.226780050105,5704.161731206719,3802.2984558631165,3474.0107359456742,4389.45869103943,3870.7302483864532,3453.8725630651234,3288.808510811966,3770.3477467627667,3962.725806606219,4794.262295173019,3801.4788058643594,3546.6551051289052,4698.9678644422165,4881.380991605924,3492.6579169360293,4613.361632537918,4005.069453750079,3973.5930943297744,3957.9420292830714,4197.268848861651,3847.698164112492,2753.16755891865,4416.077255937606,4799.1207431635485,3759.2433392145786,4672.346920994887,4550.222829807737,4409.437077709919
4186.222913424418,3402.4047134693765,4862.569143950524,3998.1625842529834,3774.1870705555284,4020.3684387972603,4239.9571469740185,4410.409477528003,2995.4694285729393,4084.239142988352,4115.556996150776,3453.1109606276514,3758.271819202684,3723.764533645658,3594.1272646013294,4359.403046166208,4280.855970701185,4221.17462184963,3878.495705755383,4169.0739408210175,3734.9440055848704,5666.544090555865,4246.226780050105,5704.161731206719,3802.2984558631165,3474.0107359456742,4389.45869103943,3870.7302483864532,3453.8725630651234,3288.808510811966,3605.9139448470155,3962.725806606219,4711.777011379666,3801.4788058643594,3546.6551051289052,4698.9678644422165,4684.862201268203,3492.6579169360293,4613.361632537918,3510.4282506933823,3973.5930943297744,3957.9420292830714,4197.268848861651,3847.698164112492,2753.16755891865,4190.2361456528215,4799.1207431635485,3497.8228826004024,4672.346920994887,4550.222829807737,4409.437077709919
4186.222913424418,3402.4047134693765,4862.569143950524,3998.1625842529834,3774.1870705555284,4020.3684387972603,4239.9571469740185,4327.990361074302,2965.09232891359,4084.239142988352,4115.556996150776,3453.1109606276514,3758.271819202684,3723.764533645658,3594.1272646013294,4359.403046166208,4091.002195303056,3959.413222241387,3878.495705755383,4169.0739408210175,3734.9440055848704,5666.544090555865,4246.226780050105,5704.161731206719,3802.2984558631165,3474.0107359456742,4093.9248462841106,3870.7302483864532,3453.8725630651234,3288.808510811966,3605.9139448470155,3900.783191491182,4711.777011379666,3801.4788058643594,3546.6551051289052,4698.9678644422165,4684.862201268203,3492.6579169360293,4613.361632537918,3510.4282506933823,3973.5930943297744,3957.9420292830714,4197.268848861651,3847.698164112492,2753.16755891865,4190.2361456528215,4799.1207431635485,3497.8228826004024,4672.346920994887,4550.222829807737,4409.437077709919
4186.222913424418,3402.4047134693765,4862.569143950524,3998.1625842529834,3774.1870705555284,3661.926322104394,4231.260035521053,4080.8382711191243,2965.09232891359,4068.969190003672,4115.556996150776,3453.1109606276514,3758.271819202684,3723.764533645658,3594.1272646013294,4359.403046166208,3709.5709476197794,3923.501970084018,3878.495705755383,4169.0739408210175,3734.9440055848704,5370.733225136124,4246.226780050105,5704.161731206719,3802.2984558631165,3453.6340651379387,4093.9248462841106,3870.7302483864532,3453.8725630651234,3288.808510811966,3521.134040849873,3900.783191491182,4711.777011379666,3801.4788058643594,3546.6551051289052,4559.613301076098,4595.035749467079,3492.6579169360293,4613.361632537918,3510.4282506933823,3973.5930943297744,3957.9420292830714,4197.268848861651,3847.698164112492,2753.16755891865,4190.2361456528215,4799.1207431635485,3497.8228826004024,4588.002667723307,4550.222829807737,4409.437077709919
4186.222913424418,3402.4047134693765,4862.569143950524,3998.1625842529834,3452.0782315099686,3661.926322104394,4231.260035521053,4080.8382711191243,2965.09232891359,3984.259722336919,4115.556996150776,3453.1109606276514,3758.271819202684,3723.764533645658,3594.1272646013294,4359.403046166208,3709.5709476197794,3772.3535706658313,3878.495705755383,4169.0739408210175,3285.4973151517815,5370.733225136124,4046.029097545975,5704.161731206719,3802.2984558631165,3453.6340651379387,4093.9248462841106,3870.7302483864532,3453.8725630651234,3206.31870244703,3332.2586933007537,3900.783191491182,4711.777011379666,3662.8074106334084,3546.6551051289052,4559.613301076098,3925.240663004428,3492.6579169360293,4613.361632537918,3510.4282506933823,3973.5930943297744,3957.9420292830714,4197.268848861651,3847.698164112492,2753.16755891865,4052.2672939809445,4799.1207431635485,3341.7491031815966,4588.002667723307,4550.222829807737,4409.437077709919
4186.222913424418,3233.752783509758,4862.569143950524,3998.1625842529834,3452.0782315099686,3661.926322104394,4231.260035521053,4080.8382711191243,2965.09232891359,3984.259722336919,4115.556996150776,3424.3464889314573,3758.271819202684,3723.764533645658,3594.1272646013294,4359.403046166208,3709.5709476197794,3772.3535706658313,3878.495705755383,4169.0739408210175,3285.4973151517815,5370.733225136124,4046.029097545975,5704.161731206719,3802.2984558631165,3453.6340651379387,3697.954790716134,3870.7302483864532,3453.8725630651234,3206.31870244703,3290.905703743427,3900.783191491182,4109.524127725985,3627.0008760073597,3546.6551051289052,4559.613301076098,3925.240663004428,3492.6579169360293,4613.361632537918,3427.565060633239,3973.5930943297744,3957.9420292830714,4197.268848861651,3847.698164112492,2753.16755891865,4052.2672939809445,4799.1207431635485,3341.7491031815966,4588.002667723307,4550.222829807737,4409.437077709919
4186.222913424418,3233.752783509758,4862.569143950524,3998.1625842529834,3452.0782315099686,3661.926322104394,4231.260035521053,4080.8382711191243,2965.09232891359,3984.259722336919,4115.556996150776,3424.3464889314573,3758.271819202684,3723.764533645658,3594.1272646013294,4359.403046166208,3709.5709476197794,3772.3535706658313,3878.495705755383,4169.0739408210175,3285.4973151517815,5370.733225136124,4046.029097545975,5704.161731206719,3802.2984558631165,3453.6340651379387,3697.954790716134,3870.7302483864532,3453.8725630651234,3206.31870244703,3290.905703743427,3900.783191491182,4109.524127725985,3627.0008760073597,3546.6551051289052,4559.613301076098,3925.240663004428,3492.6579169360293,4613.361632537918,3427.565060633239,3973.5930943297744,3957.9420292830714,4197.268848861651,3847.698164112492,2753.16755891865,4052.2672939809445,4799.1207431635485,3341.7491031815966,4588.002667723307,4550.222829807737,4409.437077709919
4186.222913424418,3233.752783509758,4862.569143950524,3998.1625842529834,3452.0782315099686,3661.926322104394,4231.260035521053,4080.8382711191243,2965.09232891359,3984.259722336919,4115.556996150776,3424.3464889314573,3758.271819202684,3723.764533645658,3594.1272646013294,4359.403046166208,3709.5709476197794,3772.3535706658313,3878.495705755383,4169.0739408210175,3285.4973151517815,5370.733225136124,4046.029097545975,5704.161731206719,3802.2984558631165,3453.6340651379387,3697.954790716134,3870.7302483864532,3453.8725630651234,3206.31870244703,3290.905703743427,3900.783191491182,4109.524127725985,3627.0008760073597,3546.6551051289052,4559.613301076098,3925.240663004428,3492.6579169360293,4613.361632537918,3427.565060633239,3973.5930943297744,3957.9420292830714,4197.268848861651,3847.698164112492,2753.16755891865,4052.2672939809445,4799.1207431635485,3341.7491031815966,4588.002667723307,4550.222829807737,4409.437077709919
4186.222913424418,3233.752783509758,4862.569143950524,3998.1625842529834,3452.0782315099686,3661.926322104394,4231.260035521053,4080.8382711191243,2965.09232891359,3984.259722336919,4115.556996150776,3424.3464889314573,3758.271819202684,3723.764533645658,3594.1272646013294,4359.403046166208,3709.5709476197794,3772.3535706658313,3878.495705755383,4169.0739408210175,3285.4973151517815,5370.733225136124,4046.029097545975,5704.161731206719,3802.2984558631165,3453.6340651379387,3697.954790716134,3870.7302483864532,3453.8725630651234,3206.31870244703,3290.905703743427,3900.783191491182,4109.524127725985,3627.0008760073597,3546.6551051289052,4559.613301076098,3925.240663004428,3492.6579169360293,4613.361632537918,3427.565060633239,3973.5930943297744,3957.9420292830714,4197.268848861651,3847.698164112492,2753.16755891865,4052.2672939809445,4799.1207431635485,3341.7491031815966,4588.002667723307,4550.222829807737,4409.437077709919
4186.222913424418,3233.752783509758,4862.569143950524,3998.1625842529834,3452.0782315099686,3661.926322104394,4231.260035521053,4080.8382711191243,2965.09232891359,3984.259722336919,4115.556996150776,3424.3464889314573,3758.271819202684,3723.764533645658,3594.1272646013294,4359.403046166208,3709.5709476197794,3772.3535706658313,3878.495705755383,4169.0739408210175,3285.4973151517815,5370.733225136124,4046.029097545975,5704.161731206719,3802.2984558631165,3453.6340651379387,3697.954790716134,3870.7302483864532,3453.8725630651234,3206.31870244703,3290.905703743427,3900.783191491182,4109.524127725985,3627.0008760073597,3546.6551051289052,4559.613301076098,3925.240663004428,3492.6579169360293,4613.361632537918,3427.565060633239,3973.5930943297744,3957.9420292830723,4197.268848861651,3847.698164112492,2753.16755891865,4052.2672939809445,4799.1207431635485,3341.7491031815966,4588.002667723307,4550.222829807737,4409.437077709919
4186.222913424418,3233.752783509758,4862.569143950524,3998.1625842529834,3452.0782315099686,3661.926322104394,4231.260035521053,4080.8382711191243,2965.09232891359,3984.259722336919,4115.556996150776,3424.3464889314573,3758.271819202684,3723.764533645658,3594.1272646013294,4359.403046166208,3709.5709476197794,3772.3535706658313,3878.495705755383,4169.0739408210175,3285.4973151517815,5370.733225136124,4046.029097545975,5704.161731206719,3802.2984558631165,3453.6340651379387,3697.954790716134,3870.7302483864532,3453.8725630651234,3206.31870244703,3290.905703743427,3900.783191491182,4109.524127725985,3627.0008760073597,3546.6551051289052,4220.627122270377,3925.240663004428,3492.6579169360293,4613.361632537918,3427.565060633239,3973.5930943297744,3957.9420292830714,4197.268848861651,3847.698164112492,2753.16755891865,4052.2672939809445,4799.1207431635485,3341.7491031815966,4588.002667723307,4550.222829807737,4409.437077709919
4186.222913424418,3233.752783509758,4862.569143950524,3998.1625842529834,3452.0782315099686,3661.926322104394,4231.260035521053,4080.8382711191243,2965.09232891359,3881.859743964526,4115.556996150776,3424.3464889314573,3758.271819202684,3723.764533645658,3594.1272646013294,4359.403046166208,3709.5709476197794,3551.9777910398657,3878.495705755383,4169.0739408210175,3285.4973151517815,5370.733225136124,4046.029097545975,5704.161731206719,3802.2984558631165,3453.6340651379387,3697.954790716134,3870.7302483864532,3453.8725630651234,3206.31870244703,3290.905703743427,3900.783191491182,4109.524127725985,3627.0008760073597,3546.6551051289052,4220.627122270377,3925.240663004428,3492.6579169360293,4613.361632537918,3427.565060633239,3973.5930943297744,3957.9420292830723,4197.268848861651,3847.698164112492,2753.16755891865,4052.2672939809445,4799.1207431635485,3341.7491031815966,4588.002667723307,4550.222829807737,4409.437077709919
4186.222913424418,3233.752783509758,4862.569143950524,3998.1625842529834,3452.0782315099686,3661.926322104394,4231.260035521053,4080.8382711191243,2965.09232891359,3881.859743964526,4115.556996150776,3424.3464889314573,3758.271819202684,3723.764533645658,3594.1272646013294,4359.403046166208,3709.5709476197794,3551.9777910398657,3878.495705755383,4169.0739408210175,3285.4973151517815,5370.733225136124,4046.029097545975,5704.161731206719,3802.2984558631165,3453.6340651379387,3697.954790716134,3870.7302483864532,3453.8725630651234,3206.31870244703,3290.905703743427,3900.783191491182,4109.524127725985,3627.0008760073597,3546.6551051289052,4093.3788531286955,3925.240663004428,3492.6579169360293,4613.361632537918,3427.565060633239,3973.5930943297744,3957.9420292830723,4197.268848861651,3847.698164112492,2753.16755891865,4052.2672939809445,4799.1207431635485,3341.7491031815966,4588.002667723307,4550.222829807737,4409.437077709919
4186.222913424418,3233.752783509758,4862.569143950524,3998.1625842529834,3452.0782315099686,3661.926322104394,4231.260035521053,4080.8382711191243,2965.09232891359,3881.859743964526,4115.556996150776,3424.3464889314573,3758.271819202684,3723.764533645658,3594.1272646013294,4359.403046166208,3709.5709476197794,3551.9777910398657,3878.495705755383,4169.0739408210175,3285.4973151517815,5370.733225136124,4046.029097545975,5704.161731206719,3802.2984558631165,3453.6340651379387,3552.0979140255117,3870.7302483864532,3453.8725630651234,3206.31870244703,3290.905703743427,3900.783191491182,4109.524127725985,3627.0008760073597,3546.6551051289052,4093.3788531286955,3925.240663004428,3492.6579169360293,4613.361632537918,3427.565060633239,3973.5930943297744,3957.9420292830723,4197.268848861651,3847.698164112492,2753.16755891865,4052.2672939809445,4799.1207431635485,3341.7491031815966,4588.002667723307,4550.222829807737,4409.437077709919
4186.222913424418,3233.752783509758,4862.569143950524,3998.162584252986,3452.0782315099686,3661.926322104394,4231.260035521053,4080.8382711191243,2965.09232891359,3881.859743964526,4115.556996150776,3424.3464889314573,3758.271819202684,3723.764533645658,3594.1272646013294,4359.403046166208,3709.5709476197794,3551.9777910398657,3878.495705755383,4169.0739408210175,3285.4973151517815,5370.733225136124,4046.029097545975,5704.161731206719,3802.2984558631165,3453.6340651379387,3552.0979140255117,3870.7302483864532,3453.8725630651234,3206.31870244703,3290.905703743427,3900.783191491182,4109.524127725985,3627.0008760073597,3546.6551051289052,4093.3788531286955,3925.240663004428,3492.6579169360293,4613.361632537918,3427.565060633239,3973.5930943297744,3957.9420292830723,4197.268848861651,3847.698164112492,2753.16755891865,4052.2672939809445,4799.1207431635485,3341.7491031815966,4588.002667723307,4550.222829807737,4409.437077709919
4186.222913424418,3233.752783509758,4862.569143950524,3998.1625842529834,3452.0782315099686,3661.926322104394,4231.260035521053,4080.8382711191243,2965.09232891359,3881.859743964526,4115.556996150776,3061.5102980259444,3758.271819202684,3723.764533645658,3594.1272646013294,4359.403046166208,3709.5709476197794,3551.9777910398657,3878.495705755383,4169.0739408210175,3285.4973151517815,5370.733225136124,4046.029097545975,5704.161731206719,3802.2984558631165,3453.6340651379387,3552.0979140255117,3870.7302483864532,3453.8725630651234,3206.31870244703,3290.905703743427,3900.783191491182,4109.524127725985,3627.0008760073597,3546.6551051289052,4093.3788531286955,3925.240663004428,3492.6579169360293,4613.361632537918,3427.565060633239,3973.5930943297744,3957.9420292830714,4197.268848861651,3847.698164112492,2753.16755891865,4052.2672939809445,4799.1207431635485,3341.7491031815966,4588.002667723307,4550.222829807737,4409.437077709919
4186.222913424418,3233.752783509758,4862.569143950524,3998.162584252986,3452.0782315099686,3661.926322104394,4231.260035521053,4080.838271119118,2965.09232891359,3881.859743964526,4115.556996150776,3061.5102980259444,3758.271819202684,3723.764533645658,3594.1272646013294,4359.403046166208,3709.5709476197794,3551.9777910398657,3878.495705755383,4169.0739408210175,3285.4973151517815,5370.733225136124,4046.029097545975,5704.161731206719,3802.2984558631165,3453.6340651379387,3552.0979140255117,3870.7302483864532,3453.8725630651234,3206.31870244703,3290.905703743427,3900.783191491182,4109.524127725985,3627.0008760073597,3546.6551051289052,4093.3788531286955,3925.240663004428,3492.6579169360293,4613.361632537918,3427.565060633239,3973.5930943297744,3957.9420292830723,4197.268848861651,3847.698164112492,2753.16755891865,4052.2672939809445,4799.1207431635485,3341.7491031815966,4588.002667723307,4550.222829807737,4409.437077709919
4186.222913424418,3233.752783509758,4862.569143950524,3998.162584252986,3452.0782315099686,3661.926322104394,4231.260035521053,4080.8382711191243,2965.09232891359,3881.859743964526,4115.556996150776,3061.5102980259444,3758.271819202684,3723.764533645658,3594.1272646013294,4359.403046166208,3709.5709476197794,3551.9777910398657,3878.495705755383,4169.0739408210175,3285.4973151517815,5370.733225136124,4046.029097545975,5704.161731206719,3802.2984558631165,3453.6340651379387,3552.0979140255117,3870.7302483864532,3453.8725630651234,3206.31870244703,3290.905703743427,3900.783191491182,4109.524127725985,3627.0008760073597,3546.6551051289052,4093.3788531286955,3925.240663004428,3492.6579169360293,4613.361632537918,3427.565060633239,3973.5930943297744,3957.9420292830723,4197.268848861651,3847.698164112492,2753.16755891865,4052.2672939809445,4799.1207431635485,3341.7491031815966,4588.002667723307,4550.222829807737,4409.437077709919
4186.222913424418,3233.752783509758,4862.569143950524,3998.162584252986,3452.0782315099686,3661.926322104394,4231.260035521053,4080.8382711191243,2965.09232891359,3881.8597439645296,4115.556996150776,3061.5102980259444,3758.271819202684,3723.764533645658,3594.1272646013294,4359.403046166208,3709.5709476197794,3551.9777910398657,3878.495705755383,4169.0739408210175,3285.4973151517815,5370.733225136124,4046.029097545975,5704.161731206719,3802.2984558631165,3453.6340651379387,3552.0979140255117,3870.7302483864532,3453.8725630651234,3206.31870244703,3290.905703743427,3900.783191491182,4109.524127725985,3627.0008760073597,3546.6551051289052,4093.3788531286955,3925.240663004428,3492.6579169360293,4613.361632537918,3406.1822478553695,3973.5930943297744,3957.9420292830723,4197.268848861651,3847.698164112492,2753.16755891865,3958.7933729111182,4799.1207431635485,3341.7491031815966,4588.002667723307,4550.222829807737,4409.437077709919
4186.222913424418,3233.752783509758,4862.569143950524,3998.1625842529834,3452.0782315099686,3661.926322104394,4231.260035521053,4080.8382711191243,2965.09232891359,3881.8597439645296,4115.556996150776,3061.5102980259444,3758.271819202684,3723.764533645658,3594.1272646013294,4359.403046166208,3709.5709476197794,3551.9777910398657,3878.495705755383,4169.0739408210175,3285.4973151517815,5370.733225136124,4046.029097545975,5704.161731206719,3802.2984558631165,3453.6340651379387,3552.0979140255117,3870.7302483864532,3453.8725630651234,3206.31870244703,3290.905703743427,3900.783191491182,4109.524127725985,3627.0008760073597,3546.6551051289052,4093.3788531286955,3925.240663004428,3492.6579169360293,4613.361632537918,3406.1822478553695,3973.5930943297744,3957.9420292830723,4197.268848861651,3847.698164112492,2753.16755891865,3958.7933729111182,4799.1207431635485,3341.7491031815966,4588.002667723307,4550.222829807737,4409.437077709919
4186.222913424418,3233.752783509758,4862.569143950524,3998.162584252986,3452.0782315099686,3661.926322104394,4231.260035521053,4080.8382711191243,2965.09232891359,3881.8597439645296,4115.556996150776,3061.5102980259444,3758.271819202684,3723.764533645658,3594.1272646013294,4359.403046166208,3709.5709476197794,3551.9777910398657,3878.495705755383,4169.0739408210175,3285.4973151517815,5370.733225136124,4046.029097545975,5704.161731206719,3802.2984558631165,3453.6340651379387,3552.0979140255117,3870.7302483864532,3453.8725630651234,3206.31870244703,3290.905703743427,3900.783191491182,4109.524127725985,3627.0008760073597,3546.6551051289052,4093.3788531286955,3925.240663004428,3492.6579169360293,4613.361632537918,3406.1822478553695,3973.5930943297744,3957.9420292830714,4197.268848861651,3847.698164112492,2753.16755891865,3958.7933729111182,4799.1207431635485,3341.7491031815966,4588.002667723307,4550.222829807737,4409.437077709919
4186.222913424418,3233.752783509758,4862.569143950524,3998.162584252986,3452.0782315099686,3661.926322104394,4231.260035521053,4080.8382711191243,2965.09232891359,3881.8597439645296,4115.556996150776,3061.5102980259444,3758.271819202684,3723.764533645658,3594.1272646013294,4359.403046166208,3709.570947619778,3551.9777910398684,3878.495705755383,4169.0739408210175,3285.4973151517815,5370.733225136124,4046.029097545975,5704.161731206719,3802.2984558631165,3453.6340651379387,3552.0979140255117,3870.7302483864532,3453.8725630651234,3206.31870244703,3290.9057037434304,3900.783191491182,4109.524127725985,3627.0008760073597,3546.6551051289052,4093.3788531286955,3925.240663004428,3492.6579169360293,4613.361632537918,3406.1822478553695,3973.5930943297744,3957.9420292830723,4197.268848861651,3847.698164112492,2753.16755891865,3958.7933729111182,4799.1207431635485,3341.7491031815966,4588.002667723307,4550.222829807737,4409.437077709919
4186.222913424418,3233.752783509758,4862.569143950524,3998.162584252986,3452.0782315099686,3661.926322104394,4231.260035521053,4080.8382711191243,2965.09232891359,3881.8597439645296,4115.556996150776,3061.5102980259444,3758.271819202684,3723.764533645658,3594.1272646013294,4359.403046166208,3709.5709476197794,3551.9777910398657,3878.495705755383,4169.0739408210175,3285.4973151517815,5370.733225136124,4046.029097545975,5704.161731206719,3802.2984558631165,3453.6340651379387,3552.0979140255117,3870.7302483864532,3453.8725630651234,3206.31870244703,3290.905703743427,3900.783191491182,4109.524127725985,3627.0008760073597,3546.6551051289052,4093.3788531286955,3925.240663004428,3492.6579169360293,4613.361632537918,3406.1822478553695,3973.5930943297744,3957.9420292830723,4197.268848861651,3847.698164112492,2753.16755891865,3958.7933729111182,4799.1207431635485,3341.7491031815966,4588.002667723307,4550.222829807737,4409.437077709919
4186.222913424418,3233.752783509758,4862.569143950524,3998.162584252986,3452.0782315099686,3661.926322104394,4231.260035521053,4080.838271119118,2965.09232891359,3881.859743964526,4115.556996150776,3061.5102980259444,3758.271819202684,3723.764533645658,3594.1272646013294,4359.403046166208,3709.570947619778,3551.9777910398657,3878.495705755383,4169.0739408210175,3285.4973151517815,5370.733225136124,4046.029097545975,5704.161731206719,3802.2984558631165,3453.6340651379387,3552.0979140255117,3870.7302483864532,3453.8725630651234,3024.3138459628253,3290.9057037434304,3900.783191491182,4109.524127725985,3627.0008760073597,3546.6551051289052,4093.3788531286955,3925.240663004428,3492.6579169360293,4613.361632537918,3208.607074118194,3973.5930943297744,3957.9420292830723,4197.268848861651,3847.698164112492,2753.16755891865,3958.7933729111182,4799.1207431635485,3341.7491031815966,4588.002667723307,4550.222829807737,4409.437077709919
4186.222913424418,3233.752783509758,4862.569143950524,3998.162584252986,3452.0782315099686,3661.926322104394,4231.260035521053,3587.735531637486,2965.09232891359,3881.859743964526,4115.556996150776,3061.5102980259444,3758.271819202684,3723.764533645658,3594.1272646013294,4359.403046166208,3709.570947619777,3551.977791039866,3878.495705755383,4169.0739408210175,3285.4973151517815,5370.733225136124,4046.029097545975,5704.161731206719,3802.2984558631165,3453.6340651379387,3552.0979140255117,3870.7302483864532,3453.8725630651234,3024.3138459628253,3290.905703743427,3900.783191491182,4109.524127725985,3627.0008760073597,3546.6551051289052,4093.3788531286955,3925.240663004428,3492.6579169360293,4613.361632537918,3208.607074118194,3973.5930943297744,3957.9420292830723,4197.268848861651,3847.698164112492,2753.16755891865,3958.7933729111182,4799.1207431635485,3341.749103181598,4588.002667723307,4550.222829807737,4409.437077709919
4186.222913424418,3233.752783509758,4862.569143950524,3998.162584252986,3452.0782315099686,3661.926322104394,4231.260035521053,3587.735531637486,2965.09232891359,3881.859743964526,4115.556996150776,3061.5102980259444,3758.271819202684,3723.764533645658,3594.1272646013294,4359.403046166208,3709.570947619777,3551.9777910398684,3878.495705755383,4169.0739408210175,3285.4973151517815,5370.733225136124,4046.029097545975,5704.161731206719,3802.2984558631165,3453.6340651379387,3552.0979140255117,3870.7302483864532,3453.8725630651234,3024.3138459628253,3290.905703743427,3900.783191491182,4109.524127725985,3627.0008760073597,3546.6551051289,4093.3788531286955,3925.240663004428,3492.6579169360293,4613.361632537918,3208.607074118194,3973.5930943297744,3957.9420292830723,4197.268848861651,3847.698164112492,2753.16755891865,3958.7933729111182,4799.1207431635485,3341.749103181597,4588.002667723307,4550.222829807737,4409.437077709919
4186.222913424418,3233.752783509758,4862.569143950524,3998.1625842529834,3452.078231509973,3661.926322104394,4231.260035521053,3587.735531637486,2965.09232891359,3881.859743964526,4115.556996150776,3061.5102980259444,3758.271819202684,3723.764533645657,3594.1272646013294,4359.403046166208,3709.570947619778,3551.977791039866,3878.495705755383,4169.0739408210175,3285.4973151517815,5370.733225136124,4046.029097545975,5704.161731206719,3802.2984558631165,3453.6340651379387,3552.0979140255117,3870.381201404737,3453.8725630651234,3024.3138459628253,3290.905703743427,3900.7831914911817,4109.524127725985,3531.866911165783,3546.6551051289052,4093.3788531286955,3925.240663004428,3492.6579169360293,4613.361632537918,3208.607074118194,3973.5930943297744,3957.9420292830723,4197.268848861651,3847.698164112492,2753.16755891865,3958.7933729111182,4799.1207431635485,3341.749103181598,4588.002667723307,4550.222829807737,4409.437077709919
4186.222913424418,3233.752783509758,4862.569143950524,3998.1625842529834,3452.0782315099686,3661.926322104394,4231.260035521053,3587.735531637486,2965.09232891359,3881.859743964526,4115.556996150776,3061.5102980259444,3758.271819202684,3723.764533645657,3594.1272646013294,4359.403046166208,3709.570947619777,3551.977791039866,3878.495705755383,4169.0739408210175,3285.4973151517797,5370.733225136124,4046.029097545975,5704.161731206719,3802.2984558631165,3453.6340651379387,3552.0979140255117,3870.381201404737,3453.8725630651234,3024.3138459628253,3290.905703743427,3900.7831914911817,4109.524127725985,3531.866911165783,3546.6551051289,4093.3788531286955,3925.240663004428,3492.6579169360293,4613.361632537918,3208.607074118194,3973.5930943297744,3957.9420292830714,4197.268848861651,3847.698164112492,2753.16755891865,3958.7933729111182,4799.1207431635485,3341.7491031815966,4588.002667723307,4550.222829807737,4409.437077709919
4186.222913424418,3233.752783509758,4862.569143950524,3998.162584252983,3452.078231509973,3661.926322104394,4231.260035521053,3587.735531637486,2965.09232891359,3881.859743964526,4115.556996150776,3061.5102980259444,3758.271819202684,3723.764533645658,3594.1272646013294,4359.403046166208,3709.570947619777,3551.9777910398657,3878.495705755383,4169.0739408210175,3285.4973151517797,5370.733225136124,4046.029097545975,5704.161731206719,3802.2984558631165,3453.6340651379387,3552.0979140255117,3870.381201404737,3453.8725630651234,3024.3138459628253,3290.905703743427,3900.783191491182,4109.524127725985,3531.866911165783,3546.6551051289,4093.3788531286955,3925.240663004428,3492.6579169360293,4613.361632537918,3208.607074118194,3973.5930943297744,3957.9420292830714,4197.268848861651,3847.6981641124958,2753.16755891865,3958.7933729111182,4799.1207431635485,3341.7491031815903,4588.002667723307,4550.222829807737,4409.437077709919
4186.222913424418,3233.7527835097553,4862.569143950524,3998.162584252986,3452.078231509973,3661.926322104394,4231.260035521053,3587.735531637486,2965.09232891359,3881.8597439645296,4115.556996150776,3061.5102980259444,3758.271819202684,3723.764533645657,3594.1272646013294,4359.403046166208,3709.570947619777,3551.9777910398657,3878.495705755383,4169.0739408210175,3285.4973151517815,5370.733225136124,4046.029097545975,5704.161731206719,3802.2984558631165,3453.6340651379387,3552.0979140255095,3870.381201404737,3453.8725630651234,3024.3138459628253,3290.9057037434286,3900.783191491182,4109.524127725985,3531.866911165783,3546.6551051289,4093.3788531286955,3925.240663004428,3492.6579169360293,4613.361632537918,3208.6070741181875,3973.5930943297744,3957.9420292830723,4197.268848861651,3847.698164112492,2753.16755891865,3958.7933729111182,4799.1207431635485,3341.7491031815903,4588.002667723307,4550.222829807737,4409.437077709919
4186.222913424418,3233.7527835097553,4862.569143950524,3998.1625842529834,3452.0782315099686,3661.9263221043966,4231.260035521054,3587.735531637486,2965.09232891359,3881.859743964526,4115.556996150776,3061.5102980259444,3758.271819202684,3723.764533645658,3594.1272646013294,4359.403046166208,3709.5709476197794,3551.977791039866,3878.495705755383,4169.0739408210175,3285.4973151517797,5370.733225136124,4046.029097545975,5704.161731206719,3802.2984558631165,3453.6340651379387,3552.0979140255117,3870.381201404737,3453.8725630651234,3024.3138459628253,3290.9057037434304,3900.7831914911803,4109.524127725985,3531.866911165783,3546.6551051289,4093.3788531286955,3925.240663004428,3492.6579169360293,4613.361632537915,3208.607074118194,3973.5930943297744,3957.9420292830723,4197.268848861651,3847.6981641124958,2753.16755891865,3958.7933729111182,4799.1207431635485,3341.7491031815866,4588.002667723307,4550.222829807737,4409.437077709919
4186.222913424418,3233.7527835097553,4862.569143950524,3998.162584252983,3452.0782315099686,3661.9263221043966,4231.260035521053,3587.735531637486,2965.0923289135953,3881.859743964526,4115.556996150776,3061.5102980259444,3758.271819202684,3723.764533645657,3594.1272646013294,4359.403046166208,3709.5709476197794,3405.191529378513,3878.495705755383,4169.0739408210175,3285.4973151517797,5370.733225136124,4046.029097545975,5704.161731206719,3802.2984558631165,3453.6340651379387,3552.0979140255095,3870.381201404737,3453.8725630651234,3024.3138459628253,3290.9057037434286,3900.783191491165,4109.524127725985,3531.866911165783,3546.6551051289,4093.3788531286955,3925.240663004428,3492.6579169360293,4613.361632537915,3208.607074118194,3973.5930943297726,3957.9420292830714,4197.268848861651,3847.698164112492,2753.16755891865,3958.7933729111182,4799.1207431635485,3341.7491031815903,4588.002667723307,4550.222829807737,4409.437077709919
4186.222913424418,3233.752783509758,4862.569143950524,3998.1625842529797,3452.0782315099686,3661.926322104394,4231.260035521054,3587.735531637486,2965.09232891359,3881.8597439645205,4115.556996150777,3061.5102980259444,3758.271819202684,3723.764533645657,3594.1272646013294,4359.403046166208,3709.570947619778,3405.191529378513,3878.495705755383,4169.0739408210175,3285.4973151517815,5240.125040148865,4046.029097545975,5704.161731206719,3802.2984558631165,3453.6340651379387,3552.0979140255095,3870.381201404739,3453.8725630651234,3024.3138459628253,3290.9057037434304,3900.783191491165,4109.524127725985,3531.866911165783,3546.6551051289,4093.3788531286955,3925.240663004428,3492.657916936031,4613.361632537915,3208.6070741181966,3973.5930943297744,3957.9420292830723,4197.268848861651,3847.6981641124903,2753.16755891865,3958.7933729111182,4799.1207431635485,3341.7491031815866,4588.002667723307,4550.222829807737,4409.437077709919
4186.222913424418,3233.7527835097553,4862.569143950524,3998.162584252981,3452.0782315099686,3661.926322104394,4231.260035521054,3587.735531637486,2965.09232891359,3881.859743964526,4115.556996150776,3061.5102980259444,3758.271819202684,3723.764533645658,3594.1272646013294,4359.403046166208,3709.570947619778,3405.191529378513,3878.495705755383,4169.0739408210175,3285.497315151775,5240.125040148865,4046.029097545975,5704.161731206719,3802.2984558631165,3453.6340651379387,3552.0979140255095,3870.381201404737,3453.8725630651234,3024.3138459628253,3290.9057037434286,3900.783191491165,4109.524127725985,3531.866911165783,3546.6551051289,4093.3788531286955,3925.240663004428,3492.6579169360293,4613.361632537915,3208.6070741181875,3973.5930943297726,3957.9420292830723,4197.268848861651,3847.6981641124903,2753.16755891865,3958.7933729111182,4799.1207431635485,3341.7491031815866,4588.002667723307,4550.222829807737,4409.437077709919
4186.222913424418,3233.752783509758,4862.569143950524,3998.1625842529834,3452.0782315099686,3661.9263221043966,4231.003039118558,3587.735531637486,2965.09232891359,3881.8597439645205,4115.556996150777,3061.51029802594,3758.271819202684,3723.764533645658,3594.1272646013294,4359.403046166208,3709.570947619778,3405.191529378513,3878.495705755384,4169.0739408210175,3285.497315151775,5240.125040148865,4046.029097545975,5704.161731206719,3802.2984558631165,3453.6340651379387,3552.0979140255095,3870.381201404739,3453.8725630651234,3024.3138459628253,3290.9057037434286,3900.783191491165,4109.524127725985,3531.866911165783,3546.6551051289,4093.3788531286955,3925.240663004428,3492.6579169360293,4613.361632537915,3208.6070741181966,3973.5930943297726,3957.9420292830714,4197.268848861651,3847.6981641124903,2753.16755891865,3958.7933729111182,4799.1207431635485,3341.7491031815903,4588.002667723307,4550.222829807737,4409.437077709919
4186.222913424418,3233.752783509757,4862.569143950524,3998.1625842529797,3452.078231509973,3661.926322104394,4231.003039118558,3587.735531637486,2965.09232891359,3881.8597439645205,4115.556996150777,3061.51029802594,3758.271819202684,3723.764533645658,3594.1272646013294,4359.403046166208,3709.570947619783,3405.1915293785114,3878.495705755383,4169.0739408210175,3285.4973151517797,5240.125040148865,4046.029097545975,5704.161731206719,3802.2984558631165,3453.6340651379387,3552.0979140255113,3870.381201404737,3453.8725630651234,3024.3138459628253,3290.905703743427,3900.783191491165,4109.524127725985,3531.866911165783,3546.6551051288943,4025.469569054244,3925.240663004428,3492.6579169360293,4613.361632537915,3208.607074118194,3973.5930943297744,3957.942029283071,4197.268848861651,3847.6981641124903,2753.16755891865,3958.7933729111187,4799.1207431635485,3341.7491031815866,4588.002667723307,4550.222829807737,4409.437077709919
4186.222913424418,3233.7527835097553,4862.569143950524,3998.162584252983,3452.078231509973,3661.926322104394,4231.003039118558,3587.735531637486,2965.09232891359,3881.859743964526,4115.556996150776,3061.51029802594,3758.271819202684,3723.764533645657,3594.1272646013294,4359.403046166208,3709.5709476197853,3405.191529378513,3878.495705755383,4169.0739408210175,3285.4973151517797,5240.125040148865,4046.029097545975,5704.161731206719,3802.2984558631165,3453.6340651379387,3552.0979140255095,3870.381201404737,3453.8725630651234,3024.3138459628253,3290.905703743427,3900.783191491165,4109.524127725985,3531.866911165783,3546.6551051288943,4025.469569054244,3925.240663004428,3492.6579169360293,4613.361632537915,3208.6070741181875,3973.5930943297726,3957.942029283071,4197.268848861651,3847.6981641124903,2753.16755891865,3958.7933729111182,4799.1207431635485,3341.7491031815866,4588.002667723307,4550.222829807741,4409.437077709919
4186.222913424418,3233.7527835097553,4862.569143950524,3998.1625842529834,3452.0782315099686,3661.9263221043966,4231.003039118558,3587.735531637486,2965.09232891359,3881.859743964526,4115.556996150776,3061.51029802594,3758.271819202684,3723.764533645657,3594.1272646013294,4359.403046166208,3709.570947619783,3405.1915293785114,3878.495705755384,4169.0739408210175,3285.497315151775,5240.125040148865,4046.029097545975,5704.16173120672,3802.2984558631165,3453.6340651379387,3552.0979140255095,3870.381201404739,3453.8725630651234,3024.3138459628253,3290.905703743427,3900.783191491165,4109.524127725985,3531.866911165783,3546.6551051288943,4025.469569054244,3925.240663004428,3492.6579169360293,4613.361632537915,3208.6070741181875,3973.5930943297744,3957.942029283071,4197.268848861651,3847.6981641124903,2753.16755891865,3958.7933729111182,4799.120743163552,3341.7491031815866,4588.002667723307,4550.222829807737,4409.437077709919
4186.222913424422,3233.752783509757,4862.569143950524,3998.162584252981,3452.0782315099686,3661.9263221043966,4231.003039118558,3587.735531637486,2965.09232891359,3881.859743964526,4115.556996150776,3061.51029802594,3758.271819202684,3723.764533645657,3594.1272646013294,4359.403046166208,3709.5709476197744,3405.191529378513,3878.495705755383,4169.0739408210175,3285.49731515178,5240.125040148865,4046.029097545975,5704.161731206719,3802.2984558631165,3453.6340651379387,3552.0979140255113,3870.381201404739,3453.8725630651234,3024.3138459628253,3290.9057037434286,3900.7831914911612,4109.524127725985,3531.866911165783,3546.6551051288943,4025.469569054244,3925.240663004428,3492.6579169360293,4613.361632537915,3208.6070741181875,3973.593094329772,3957.942029283071,4197.268848861651,3847.6981641124903,2753.16755891865,3958.7933729111187,4799.1207431635485,3341.7491031815766,4570.693367580291,4550.222829807737,4409.437077709919
4186.222913424422,3233.75278350976,4862.569143950524,3998.1625842529834,3452.0782315099686,3661.926322104394,4231.003039118558,3587.735531637486,2965.09232891359,3881.8597439645205,4115.556996150777,3061.51029802594,3758.271819202684,3723.764533645658,3594.1272646013294,4359.403046166208,3709.570947619777,3405.191529378512,3878.495705755384,4169.0739408210175,3285.497315151778,5240.125040148865,4046.029097545975,5704.16173120672,3802.2984558631165,3453.6340651379387,3552.0979140255095,3870.381201404737,3453.8725630651234,3024.3138459628253,3290.905703743427,3900.7831914911612,4109.524127725985,3531.866911165783,3546.6551051288943,4025.469569054244,3925.240663004428,3492.6579169360293,4613.361632537915,3208.6070741181875,3973.5930943297744,3957.942029283071,4197.268848861651,3847.6981641124903,2753.16755891865,3958.7933729111182,4799.1207431635485,3341.7491031815766,4570.693367580291,4550.222829807737,4409.437077709919
4186.222913424422,3233.752783509758,4862.569143950524,3998.1625842529797,3452.0782315099723,3661.926322104394,4231.003039118558,3587.735531637486,2965.09232891359,3881.859743964526,4115.556996150776,3061.51029802594,3758.271819202684,3723.764533645657,3594.1272646013294,4359.403046166208,3709.5709476197744,3405.191529378512,3878.495705755383,4169.0739408210175,3285.4973151517797,5240.125040148865,4046.029097545975,5704.161731206719,3802.2984558631165,3453.6340651379387,3552.0979140255095,3870.381201404739,3453.8725630651234,3024.3138459628253,3290.905703743427,3900.7831914911612,4109.524127725983,3531.866911165783,3546.6551051288943,4025.469569054244,3925.240663004428,3492.6579169360293,4613.361632537915,3208.607074118181,3973.5930943297726,3957.942029283071,4197.268848861651,3847.6981641124908,2753.16755891865,3958.7933729111187,4799.12074316355,3341.7491031815766,4570.693367580291,4550.222829807737,4409.437077709919
4186.222913424418,3233.7527835097553,4862.569143950524,3998.1625842529834,3452.078231509973,3661.926322104394,4231.003039118558,3587.735531637486,2965.0923289135844,3881.8597439645205,4115.556996150776,3061.51029802594,3758.271819202684,3723.764533645657,3594.1272646013294,4359.403046166208,3709.5709476197744,3405.1915293785114,3878.495705755384,4169.0739408210175,3285.497315151778,5240.125040148865,4046.029097545975,5704.16173120672,3802.2984558631165,3453.6340651379387,3552.0979140255113,3870.381201404737,3453.8725630651234,3024.3138459628253,3290.9057037434286,3900.7831914911612,4109.524127725983,3531.866911165783,3546.6551051288943,4025.469569054244,3925.240663004428,3492.6579169360293,4613.361632537904,3208.607074118181,3973.593094329772,3957.942029283071,4197.268848861651,3847.6981641124908,2753.16755891865,3958.7933729111187,4799.1207431635485,3341.749103181576,4570.693367580291,4550.222829807741,4409.437077709919
4186.222913424418,3233.7527835097553,4862.569143950524,3998.162584252986,3452.0782315099723,3661.926322104394,4231.003039118558,3587.735531637486,2928.97420946894,3881.859743964526,4115.556996150777,3061.51029802594,3758.271819202684,3723.764533645657,3594.1272646013294,4359.403046166208,3709.570947619777,3405.191529378512,3878.495705755384,4169.0739408210175,3285.4973151517797,5240.125040148865,4046.029097545975,5704.16173120672,3802.2984558631165,3453.6340651379387,3552.0979140255113,3870.381201404739,3453.872563065117,3019.9170833145763,3290.905703743427,3900.7831914911612,4109.524127725985,3531.86691116578,3546.6551051288943,4025.469569054244,3925.240663004428,3492.657916936031,4613.361632537904,3208.607074118181,3973.593094329772,3957.942029283071,4197.268848861651,3847.6981641124908,2753.16755891865,3958.7933729111182,4799.1207431635485,3341.7491031815766,4570.693367580291,4550.222829807737,4409.437077709919
4186.222913424422,3233.7527835097544,4862.569143950524,3998.162584252986,3452.0782315099686,3661.926322104394,4231.003039118558,3587.735531637486,2928.97420946894,3881.8597439645205,4115.556996150776,3061.51029802594,3758.271819202684,3723.764533645657,3594.1272646013294,4359.403046166208,3709.5709476197744,3405.191529378513,3878.495705755384,4169.0739408210175,3285.497315151775,5240.125040148865,4046.029097545975,5704.16173120672,3802.2984558631165,3453.6340651379387,3552.0979140255095,3870.381201404739,3453.872563065117,3019.9170833145763,3290.9057037434286,3900.783191491162,4109.524127725983,3531.86691116578,3546.6551051288943,4025.469569054244,3925.240663004428,3492.6579169360293,4613.361632537904,3208.607074118181,3973.5930943297726,3957.942029283071,4197.268848861651,3847.6981641124908,2753.16755891865,3958.7933729111187,4799.1207431635485,3341.7491031815766,4570.693367580291,4550.222829807737,4409.437077709919
4186.222913424418,3233.75278350976,4862.569143950524,3998.1625842529797,3452.078231509973,3661.9263221043957,4231.003039118558,3587.735531637486,2928.97420946894,3881.859743964522,4115.556996150777,3061.51029802594,3758.271819202684,3723.764533645658,3594.1272646013294,4359.403046166191,3709.5709476197744,3405.191529378512,3878.495705755384,4169.0739408210175,3285.49731515178,5240.125040148863,4046.029097545975,5704.16173120672,3802.2984558631165,3453.6340651379387,3552.0979140255095,3870.381201404737,3453.872563065117,3019.9170833145763,3290.905703743427,3900.783191491162,4109.52412772598,3531.8669111657796,3546.6551051288943,4025.469569054244,3925.240663004428,3492.6579169360293,4613.361632537904,3208.607074118181,3973.5930943297744,3957.942029283071,4197.268848861651,3847.6981641124903,2753.16755891865,3958.7933729111182,4799.12074316355,3341.749103181576,4570.693367580291,4550.222829807737,4409.437077709919
4186.222913424418,3233.75278350976,4862.569143950524,3998.1625842529797,3452.0782315099686,3661.926322104394,4231.003039118558,3587.735531637486,2928.97420946894,3881.859743964522,4115.556996150773,3061.510298025943,3758.271819202684,3723.764533645657,3594.1272646013294,4359.403046166191,3709.5709476197744,3405.1915293785114,3878.495705755384,4169.0739408210175,3285.497315151775,5240.125040148865,4046.029097545975,5704.161731206719,3802.2984558631165,3453.6340651379387,3552.0979140255095,3870.381201404739,3453.8725630651106,3019.9170833145763,3290.905703743427,3900.7831914911612,4109.52412772598,3531.8669111657796,3546.6551051288943,4025.469569054244,3925.240663004428,3492.6579169360293,4613.361632537904,3208.607074118181,3973.5930943297703,3957.942029283071,4197.268848861651,3847.6981641124903,2753.16755891865,3958.7933729111182,4799.120743163552,3341.7491031815766,4570.693367580291,4550.222829807741,4409.437077709919
