F282017-10-0,F282017-10-1,F282017-10-2,F282017-10-3,F282017-10-4,F282017-10-5,F282017-10-6,F282017-10-7,F282017-10-8,F282017-10-9,F282017-10-10,F282017-10-11,F282017-10-12,F282017-10-13,F282017-10-14,F282017-10-15,F282017-10-16,F282017-10-17,F282017-10-18,F282017-10-19,F282017-10-20,F282017-10-21,F282017-10-22,F282017-10-23,F282017-10-24,F282017-10-25,F282017-10-26,F282017-10-27,F282017-10-28,F282017-10-29,F282017-10-30,F282017-10-31,F282017-10-32,F282017-10-33,F282017-10-34,F282017-10-35,F282017-10-36,F282017-10-37,F282017-10-38,F282017-10-39,F282017-10-40,F282017-10-41,F282017-10-42,F282017-10-43,F282017-10-44,F282017-10-45,F282017-10-46,F282017-10-47,F282017-10-48,F282017-10-49,F282017-10-50
14338272153371.715,1582899685.1040547,8733179038929.14,104051134973230.34,1484146127660.4438,61408133607232.4,308446324.23530686,218491251250.51816,7971899412.487131,11940381632.679926,10213625841.307053,11714358793.321795,12194389908458.818,79388881315.1258,6174247178605.995,43434421485.593414,70442074490.41214,1028920503540.7941,1386888817170.8254,10186183941.009966,6185842425241.273,1766122352283.4062,17829107333.95478,59529169131.32371,195231283971.33008,360269377507.9303,14174236221302.928,7846539572082.776,6086175168.661356,9081477089897.389,9746968080.701813,927393035797.1932,59851959628.278114,454933293.79469293,25408150382.706497,1163195271.884032,1044685032.2234416,1104421795.1167357,5947969559880.068,1418139183825.448,40680519.80750821,30151404649412.17,3137857006.6723323,113261656581.96896,2525089619471.11,10239180712824.527,630720401.7510645,692338609977.661,75878644685.15761,108606484.8076157,96378462568938.03
5929606571830.147,1582899685.1040547,73414557447.09334,46146843149.338646,1484146127660.4438,97143525.19777095,308446324.23530686,218491251250.51816,7971899412.487131,11940381632.679926,10213625841.307053,11714358793.321795,1330920362627.7654,79388881315.1258,3683395404.859639,43434421485.593414,1236194338.3359678,1028920503540.7941,455193600063.9947,10186183941.009966,105701387371.81557,9384197932.032763,17829107333.95478,8890293.760734532,1142816945.4167902,2244989382.6793647,26339815.545986854,407262435824.12024,3163733177.752568,48910878045.71804,6072009016.179476,9452609544.54234,845339520.1435682,454933293.79469293,25408150382.706497,1163195271.884032,1044685032.2234416,1104421795.1167357,157260471812.64902,1418139183825.448,40680519.80750821,802391097.0644071,3137857006.6723323,113261656581.96896,419322121.53745276,651879345749.422,630720401.7510645,21050574265.126545,75878644685.15761,108606484.8076157,9488123673.153534
333531980.4590727,1582899685.1040547,10129566205.936018,2346326665.6765456,181020727680.13614,97143525.19777095,308446324.23530686,97777351184.75002,7971899412.487131,6639683122.40469,1146442326.2031047,2507191389.4401035,435686313.0258295,5134453849.6122465,2044473622.2174554,58776854.14861476,1236194338.3359678,428113746.616323,852791518.4971702,10186183941.009966,105701387371.81557,1756968849.5909631,17829107333.95478,8890293.760734532,4129095.226462893,1125223528.8175728,26339815.545986854,407262435824.12024,3163733177.752568,48910878045.71804,5924033021.247247,9452609544.54234,134128145.42762817,454933293.79469293,16931325.12305327,1163195271.884032,1044685032.2234416,230360160.3778992,157260471812.64902,24749601.574669823,40680519.80750821,802391097.0644071,229649942.7019216,594100436.559132,419322121.53745276,132468711018.02626,630720401.7510645,21050574265.126545,10362064638.205797,108606484.8076157,9488123673.153534
333531980.4590727,1530693.4395097415,4066784.5442909063,2346326665.6765456,1011168215.0987114,97143525.19777095,308446324.23530686,289393432.7966414,7971899412.487131,478450421.1658736,67736807.2154127,2164980425.2879157,89375497.12135386,5480993.768394068,2044473622.2174554,5999349.886611753,251267768.3019582,374117914.7791862,495128292.3371693,8172714800.155029,41639013465.82908,1756968849.5909631,17829107333.95478,8890293.760734532,4129095.226462893,1125223528.8175728,26339815.545986854,16838296.513873007,3163733177.752568,8768201616.790606,5924033021.247247,9452609544.54234,73348239.15879452,454933293.79469293,8917236.908914974,1163195271.884032,1044685032.2234416,230360160.3778992,134286363675.19633,11684089.486866184,40680519.80750821,802391097.0644071,43475455.613324925,594100436.559132,419322121.53745276,132468711018.02626,630720401.7510645,1015205879.322016,66957179.51619656,108606484.8076157,9488123673.153534
3688139.3381172437,1530693.4395097415,4066784.5442909063,800605829.7387228,34008494.23014142,97143525.19777095,308446324.23530686,289393432.7966414,7971899412.487131,478450421.1658736,24838917.04269812,28065329.06454376,89375497.12135386,5480993.768394068,51495776.601412654,5999349.886611753,251267768.3019582,374117914.7791862,495128292.3371693,2972960253.0662107,6373150406.467245,18549080.478321303,2105632440.4137268,8890293.760734532,4129095.226462893,1125223528.8175728,26339815.545986854,16838296.513873007,2979650873.9152217,8768201616.790606,5924033021.247247,1275671942.5614486,73348239.15879452,454933293.79469293,8917236.908914974,184331953.84889865,623971788.4213974,60078148.03651178,134286363675.19633,11684089.486866184,40680519.80750821,802391097.0644071,43475455.613324925,594100436.559132,419322121.53745276,132468711018.02626,630720401.7510645,1015205879.322016,66957179.51619656,108606484.8076157,753820224.0435138
3688139.3381172437,1530693.4395097415,4066784.5442909063,800605829.7387228,2485947.1345044486,97143525.19777095,249692861.80190682,19568704.544346925,6558193503.109919,478450421.1658736,24838917.04269812,15972300.704392329,89375497.12135386,5480993.768394068,51495776.601412654,5999349.886611753,251267768.3019582,374117914.7791862,15507229.591970034,1887472980.4281158,3903700951.234964,13128224.957540357,2105632440.4137268,8890293.760734532,3393883.8902297122,1125223528.8175728,15344179.440025905,16838296.513873007,216518432.18097895,385320196.9259514,607888.107404959,1275671942.5614486,51276366.36132418,723914.05295016,2578058.0292088683,184331953.84889865,623971788.4213974,60078148.03651178,14446370556.470251,10419186.000570584,40680519.80750821,319765671.6285896,43475455.613324925,29275039.000118464,18280753.134892948,66793209888.8588,1607757.3087213738,1015205879.322016,66957179.51619656,108606484.8076157,342449656.3162934
722073.833961498,1530693.4395097415,4066784.5442909063,119972943.67151015,2485947.1345044486,97143525.19777095,2000032.8944547437,19568704.544346925,3208219.358384134,478450421.1658736,24352706.13598544,15972300.704392329,12898999.794609366,5480993.768394068,1283215.6807469039,1930597.5509217698,251267768.3019582,248727933.2663633,15507229.591970034,1887472980.4281158,3903700951.234964,10944054.63577937,2105632440.4137268,8890293.760734532,3393883.8902297122,10191030.252832513,15344179.440025905,16838296.513873007,216518432.18097895,163095615.73945493,607888.107404959,110077515.97661084,51276366.36132418,723914.05295016,390785.0872660717,184331953.84889865,623971788.4213974,60078148.03651178,14446370556.470251,10419186.000570584,40680519.80750821,505151.65713174513,43475455.613324925,12331691.281651502,18280753.134892948,96138753.54595418,1607757.3087213738,1015205879.322016,66957179.51619656,69419967.82888865,262765091.59573534
722073.833961498,1391591.5442302732,4066784.5442909063,119972943.67151015,2485947.1345044486,97143525.19777095,2000032.8944547437,19568704.544346925,3208219.358384134,478450421.1658736,24352706.13598544,15972300.704392329,5335143.095744591,5480993.768394068,1283215.6807469039,1930597.5509217698,18945237.411993776,36221614.57036108,15507229.591970034,59896150.0373153,3903700951.234964,10944054.63577937,178804644.3411482,7866492.245222723,3393883.8902297122,10191030.252832513,15344179.440025905,16838296.513873007,216518432.18097895,163095615.73945493,607888.107404959,15760604.18520723,51138166.31012716,723914.05295016,390785.0872660717,41434104.598611504,623971788.4213974,60078148.03651178,14446370556.470251,10419186.000570584,40680519.80750821,505151.65713174513,20211443.847291432,17649.483186766374,18280753.134892948,14694310.37491575,1607757.3087213738,338187483.5284884,66957179.51619656,69419967.82888865,262765091.59573534
722073.833961498,1391591.5442302732,4066784.5442909063,119972943.67151015,2485947.1345044486,97143525.19777095,2000032.8944547437,19568704.544346925,3208219.358384134,478450421.1658736,24352706.13598544,15972300.704392329,5335143.095744591,5480993.768394068,1283215.6807469039,1930597.5509217698,4439660.640166331,36221614.57036108,15507229.591970034,59896150.0373153,477248149.4947988,10944054.63577937,178804644.3411482,7866492.245222723,3393883.8902297122,10191030.252832513,15344179.440025905,16838296.513873007,216518432.18097895,163095615.73945493,607888.107404959,15760604.18520723,748563.1091561103,723914.05295016,390785.0872660717,29430198.343249004,8907708.181331284,60078148.03651178,15867246.554801082,2700174.3426324697,40680519.80750821,505151.65713174513,20211443.847291432,17649.483186766374,16561329.060932843,553319.4979767001,1607757.3087213738,104440232.49091901,66957179.51619656,69419967.82888865,262765091.59573534
722073.833961498,1391591.5442302732,4066784.5442909063,119972943.67151015,1254781.3168334563,69695170.24083643,2000032.8944547437,19568704.544346925,2998879.300537845,478450421.1658736,24352706.13598544,15972300.704392329,5335143.095744591,5480993.768394068,639950.431851651,1930597.5509217698,4439660.640166331,7121537.738590315,15507229.591970034,2708715.136063489,477248149.4947988,10944054.63577937,5460724.568544647,7866492.245222723,3393883.8902297122,10191030.252832513,13275468.565024171,16838296.513873007,216518432.18097895,163095615.73945493,607888.107404959,4884022.923340071,748563.1091561103,723914.05295016,390785.0872660717,3426974.383023993,8907708.181331284,60078148.03651178,15867246.554801082,2700174.3426324697,40680519.80750821,505151.65713174513,20211443.847291432,17649.483186766374,16561329.060932843,553319.4979767001,1607757.3087213738,59714630.68705728,66957179.51619656,69419967.82888865,7451006.701931298
722073.833961498,1391591.5442302732,4066784.5442909063,106119123.61223696,1254781.3168334563,69695170.24083643,2000032.8944547437,19568704.544346925,670044.3380577143,478450421.1658736,24352706.13598544,15972300.704392329,5335143.095744591,5480993.768394068,78850.23150569107,1930597.5509217698,4439660.640166331,7121537.738590315,15507229.591970034,2708715.136063489,251402024.59089452,6919082.010963485,5460724.568544647,7866492.245222723,3393883.8902297122,1262000.226749396,13275468.565024171,16838296.513873007,216518432.18097895,163095615.73945493,607888.107404959,4884022.923340071,748563.1091561103,723914.05295016,390785.0872660717,3426974.383023993,8907708.181331284,30164111.41089358,15867246.554801082,2700174.3426324697,19816028.056810077,505151.65713174513,20211443.847291432,17649.483186766374,16561329.060932843,553319.4979767001,1607757.3087213738,56933247.70837051,29255583.42529171,69419967.82888865,1531833.84526561
722073.833961498,1391591.5442302732,4066784.5442909063,106119123.61223696,1254781.3168334563,69695170.24083643,2000032.8944547437,13157348.602308925,670044.3380577143,478450421.1658736,24352706.13598544,4634929.249622265,5335143.095744591,5480993.768394068,78850.23150569107,1930597.5509217698,4439660.640166331,7121537.738590315,13597873.756427571,2708715.136063489,251402024.59089452,6919082.010963485,5460724.568544647,7866492.245222723,3393883.8902297122,1262000.226749396,13275468.565024171,16838296.513873007,216518432.18097895,163095615.73945493,607888.107404959,4884022.923340071,748563.1091561103,723914.05295016,390785.0872660717,3426974.383023993,8907708.181331284,3209478.757992771,15867246.554801082,2700174.3426324697,19816028.056810077,505151.65713174513,20211443.847291432,17649.483186766374,16561329.060932843,553319.4979767001,1557412.8874835272,48327984.46962537,2894540.1311273365,69419967.82888865,1531833.84526561
722073.833961498,1391591.5442302732,4066784.5442909063,9091577.668708578,1254781.3168334563,69695170.24083643,956203.719849352,13157348.602308925,219572.6419449268,478450421.1658736,11178564.084622072,4634929.249622265,4324719.727765321,5480993.768394068,78850.23150569107,1930597.5509217698,4439660.640166331,2660302.731255027,3078818.3059717016,2708715.136063489,15290982.12020076,6919082.010963485,3991556.441723536,7866492.245222723,3393883.8902297122,478931.78429653926,13275468.565024171,16838296.513873007,216518432.18097895,38271512.08762475,607888.107404959,4884022.923340071,748563.1091561103,280446.64241909253,390785.0872660717,3426974.383023993,8907708.181331284,3209478.757992771,15867246.554801082,2700174.3426324697,19816028.056810077,505151.65713174513,20211443.847291432,6849.680670101743,16561329.060932843,553319.4979767001,1557412.8874835272,28141389.3696908,2894540.1311273365,69419967.82888865,369294.26858708274
722073.833961498,1391591.5442302732,4066784.5442909063,9091577.668708578,1254781.3168334563,69695170.24083643,956203.719849352,13157348.602308925,219572.6419449268,478450421.1658736,11178564.084622072,4634929.249622265,4324719.727765321,326276.3377160085,78850.23150569107,1930597.5509217698,4439660.640166331,2660302.731255027,3078818.3059717016,2708715.136063489,15290982.12020076,2147414.7806023983,3991556.441723536,7866492.245222723,3393883.8902297122,478931.78429653926,3889861.349892781,4213590.986659729,29319873.22861993,2447710.8962361333,607888.107404959,4884022.923340071,748563.1091561103,280446.64241909253,390785.0872660717,848723.377078185,8907708.181331284,3209478.757992771,15867246.554801082,2700174.3426324697,12866568.122117912,505151.65713174513,20211443.847291432,6849.680670101743,16561329.060932843,553319.4979767001,1557412.8874835272,2589043.993735429,1207668.1645644163,69419967.82888865,369294.26858708274
339613.74639209395,1391591.5442302732,4066784.5442909063,9091577.668708578,1254781.3168334563,3371810.4277421646,956203.719849352,13157348.602308925,219572.6419449268,478450421.1658736,11178564.084622072,4634929.249622265,81201.44776640616,326276.3377160085,78850.23150569107,1930597.5509217698,4439660.640166331,2660302.731255027,3078818.3059717016,2708715.136063489,15290982.12020076,2147414.7806023983,3991556.441723536,7866492.245222723,3393883.8902297122,478931.78429653926,3889861.349892781,321000.7024654054,3421349.3124051285,2447710.8962361333,607888.107404959,4884022.923340071,748563.1091561103,280446.64241909253,390785.0872660717,848723.377078185,8907708.181331284,3209478.757992771,4748049.400736528,2700174.3426324697,12866568.122117912,226948.26873908276,20211443.847291432,6849.680670101743,16561329.060932843,553319.4979767001,1557412.8874835272,2589043.993735429,1207668.1645644163,23244281.061803695,369294.26858708274
25753.98342089117,1391591.5442302732,4066784.5442909063,7401099.932524209,1254781.3168334563,3371810.4277421646,956203.719849352,13157348.602308925,219572.6419449268,478450421.1658736,11178564.084622072,4634929.249622265,81201.44776640616,326276.3377160085,78850.23150569107,1930597.5509217698,4439660.640166331,2660302.731255027,3078818.3059717016,866587.4454049072,15290982.12020076,2147414.7806023983,3991556.441723536,273427.351850637,3393883.8902297122,478931.78429653926,3889861.349892781,66130.45639791308,3421349.3124051285,2447710.8962361333,607888.107404959,4884022.923340071,748563.1091561103,148629.88781645262,390785.0872660717,215288.96843481695,690460.5909091486,3209478.757992771,4748049.400736528,2700174.3426324697,12866568.122117912,226948.26873908276,20211443.847291432,6849.680670101743,8034974.34953817,553319.4979767001,1557412.8874835272,2589043.993735429,1207668.1645644163,23244281.061803695,369294.26858708274
13132.1603667082,1391591.5442302732,4066784.5442909063,7401099.932524209,1254781.3168334563,3371810.4277421646,956203.719849352,13157348.602308925,219572.6419449268,478450421.1658736,11178564.084622072,4634929.249622265,81201.44776640616,326276.3377160085,78850.23150569107,1921282.0918456942,1193384.5188048996,1099547.11506918,3078818.3059717016,866587.4454049072,15290982.12020076,2147414.7806023983,3991556.441723536,273427.351850637,3393883.8902297122,478931.78429653926,969888.9918779598,66130.45639791308,3421349.3124051285,2447710.8962361333,607888.107404959,4884022.923340071,748563.1091561103,96436.08426122525,390785.0872660717,215288.96843481695,690460.5909091486,3209478.757992771,3867102.5594162727,2700174.3426324697,12866568.122117912,226948.26873908276,20211443.847291432,6849.680670101743,8034974.34953817,553319.4979767001,1557412.8874835272,2589043.993735429,1207668.1645644163,23244281.061803695,369294.26858708274
13132.1603667082,1391591.5442302732,418436.91412547627,7401099.932524209,1254781.3168334563,3371810.4277421646,956203.719849352,13157348.602308925,219572.6419449268,201110028.30403653,11178564.084622072,1660869.241575845,81201.44776640616,326276.3377160085,78850.23150569107,1921282.0918456942,1193384.5188048996,1099547.11506918,106618.79145758248,866587.4454049072,15290982.12020076,976568.6109911486,3991556.441723536,273427.351850637,3393883.8902297122,478931.78429653926,969888.9918779598,66130.45639791308,3421349.3124051285,2447710.8962361333,607888.107404959,3537373.624741559,748563.1091561103,96436.08426122525,390785.0872660717,215288.96843481695,690460.5909091486,3209478.757992771,1181588.4089874523,2700174.3426324697,12866568.122117912,103322.57813559804,20211443.847291432,6849.680670101743,2074003.4920593298,553319.4979767001,1395760.7997713767,2589043.993735429,1207668.1645644163,353009.383290327,369294.26858708274
13132.1603667082,1391591.5442302732,418436.91412547627,7401099.932524209,79418.48982875819,3371810.4277421646,956203.719849352,295571.4199308619,219572.6419449268,201110028.30403653,11178564.084622072,1660869.241575845,81201.44776640616,326276.3377160085,78850.23150569107,1921282.0918456942,1193384.5188048996,294679.38460385345,106618.79145758248,866587.4454049072,15290982.12020076,976568.6109911486,651186.6543760756,273427.351850637,3393883.8902297122,478931.78429653926,969888.9918779598,66130.45639791308,3421349.3124051285,2447710.8962361333,607888.107404959,51577.10944996083,748563.1091561103,96436.08426122525,390785.0872660717,215288.96843481695,690460.5909091486,2122320.6050256635,1181588.4089874523,1231594.3924619362,12866568.122117912,103322.57813559804,20211443.847291432,6849.680670101743,2074003.4920593298,553319.4979767001,1395760.7997713767,2589043.993735429,1207668.1645644163,353009.383290327,369294.26858708274
13132.1603667082,1391591.5442302732,418436.91412547627,7401099.932524209,79418.48982875819,3371810.4277421646,956203.719849352,295571.4199308619,219572.6419449268,201110028.30403653,9493208.362854388,1660869.241575845,81201.44776640616,70818.21282795854,78850.23150569107,1921282.0918456942,1193384.5188048996,94491.72914219787,106618.79145758248,866587.4454049072,5521461.9328366285,976568.6109911486,651186.6543760756,273427.351850637,3393883.8902297122,478931.78429653926,969888.9918779598,44334.791804642955,3421349.3124051285,2447710.8962361333,607888.107404959,51577.10944996083,748563.1091561103,96436.08426122525,390785.0872660717,215288.96843481695,690460.5909091486,2122320.6050256635,1181588.4089874523,76235.76647899579,172834.1021738163,103322.57813559804,5153123.116524013,6849.680670101743,2074003.4920593298,553319.4979767001,1395760.7997713767,2589043.993735429,1207668.1645644163,353009.383290327,369294.26858708274
13132.1603667082,1391591.5442302732,418436.91412547627,7401099.932524209,79418.48982875819,3371810.4277421646,956203.719849352,295571.4199308619,219572.6419449268,46476019.7103523,9493208.362854388,1660869.241575845,81201.44776640616,70818.21282795854,78850.23150569107,1921282.0918456942,1193384.5188048996,94491.72914219787,106618.79145758248,866587.4454049072,676834.880276449,976568.6109911486,651186.6543760756,273427.351850637,3393883.8902297122,478931.78429653926,969888.9918779598,43535.61677433984,2040062.8096608757,476466.14201955043,607888.107404959,51577.10944996083,748563.1091561103,96436.08426122525,390785.0872660717,215288.96843481695,690460.5909091486,2122320.6050256635,1181588.4089874523,76235.76647899579,172834.1021738163,103322.57813559804,10867.554153026904,6849.680670101743,1281367.8357053986,553319.4979767001,1395760.7997713767,2589043.993735429,1207668.1645644163,353009.383290327,369294.26858708274
13132.1603667082,1391591.5442302732,71542.2268159887,7401099.932524209,79418.48982875819,3371810.4277421646,956203.719849352,295571.4199308619,219572.6419449268,46476019.7103523,673754.5083838765,1660869.241575845,81201.44776640616,70818.21282795854,78850.23150569107,1921282.0918456942,1193384.5188048996,94491.72914219787,106618.79145758248,297470.7832356426,676834.880276449,976568.6109911486,651186.6543760756,273427.351850637,3393883.8902297122,478931.78429653926,969888.9918779598,30327.674144063567,2040062.8096608757,476466.14201955043,607888.107404959,51577.10944996083,748563.1091561103,96436.08426122525,390785.0872660717,215288.96843481695,690460.5909091486,2043075.2200854267,1181588.4089874523,76235.76647899579,172834.1021738163,103322.57813559804,10867.554153026904,6849.680670101743,1281367.8357053986,553319.4979767001,1395760.7997713767,2589043.993735429,1207668.1645644163,353009.383290327,322261.6611415389
13132.1603667082,1391591.5442302732,71542.2268159887,7401099.932524209,79418.48982875819,3371810.4277421646,956203.719849352,295571.4199308619,99479.14336502658,22679829.646827403,673754.5083838765,1660869.241575845,81201.44776640616,70818.21282795854,78850.23150569107,1921282.0918456942,40084.916204859364,94491.72914219787,106618.79145758248,297470.7832356426,676834.880276449,976568.6109911486,651186.6543760756,273427.351850637,3393883.8902297122,478931.78429653926,969888.9918779598,23016.25531666718,2040062.8096608757,476466.14201955043,607888.107404959,51577.10944996083,748563.1091561103,96436.08426122525,390785.0872660717,215288.96843481695,690460.5909091486,2043075.2200854267,1181588.4089874523,53102.75361158816,172834.1021738163,103322.57813559804,10867.554153026904,6849.680670101743,1281367.8357053986,553319.4979767001,1395760.7997713767,2299527.5282711526,1207668.1645644163,353009.383290327,167053.89645885528
13132.1603667082,1391591.5442302732,71542.2268159887,7401099.932524209,79418.48982875819,3371810.4277421646,956203.719849352,295571.4199308619,99479.14336502658,22679829.646827403,673754.5083838765,1660869.241575845,81201.44776640616,70818.21282795854,78850.23150569107,833350.4037211346,40084.916204859364,94491.72914219787,106618.79145758248,297470.7832356426,676834.880276449,228985.7611904567,651186.6543760756,273427.351850637,3393883.8902297122,478931.78429653926,969888.9918779598,23016.25531666718,2040062.8096608757,476466.14201955043,607888.107404959,51577.10944996083,748563.1091561103,96436.08426122525,390785.0872660717,215288.96843481695,234149.79694311979,2043075.2200854267,1181588.4089874523,53102.75361158816,172834.1021738163,103322.57813559804,10867.554153026904,6849.680670101743,1281367.8357053986,553319.4979767001,1395760.7997713767,2299527.5282711526,1207668.1645644163,353009.383290327,167053.89645885528
13132.1603667082,1391591.5442302732,71542.2268159887,4392678.473758593,79418.48982875819,3371810.4277421646,956203.719849352,131898.28817546432,79090.65008516458,2105592.62449405,673754.5083838765,1660869.241575845,81201.44776640616,70818.21282795854,78850.23150569107,833350.4037211346,40084.916204859364,94491.72914219787,106618.79145758248,297470.7832356426,676834.880276449,228985.7611904567,651186.6543760756,273427.351850637,3393883.8902297122,478931.78429653926,969888.9918779598,8731.123477308565,2040062.8096608757,476466.14201955043,143034.59069486256,51577.10944996083,748563.1091561103,96436.08426122525,390785.0872660717,215288.96843481695,234149.79694311979,2043075.2200854267,1181588.4089874523,53102.75361158816,172834.1021738163,103322.57813559804,10867.554153026904,6849.680670101743,1281367.8357053986,553319.4979767001,1395760.7997713767,2299527.5282711526,513404.20649389253,353009.383290327,167053.89645885528
13132.1603667082,1391591.5442302732,71542.2268159887,2872921.0855931346,79418.48982875819,3371810.4277421646,956203.719849352,131898.28817546432,79090.65008516458,2105592.62449405,668792.2610164181,1660869.241575845,75759.29657933902,70818.21282795854,78850.23150569107,833350.4037211346,40084.916204859364,94491.72914219787,106618.79145758248,297470.7832356426,676834.880276449,228985.7611904567,651186.6543760756,273427.351850637,3393883.8902297122,478931.78429653926,969888.9918779598,8731.123477308565,2040062.8096608757,476466.14201955043,143034.59069486256,51577.10944996083,748563.1091561103,58711.56501457431,33697.848547693866,215288.96843481695,234149.79694311979,2043075.2200854267,1181588.4089874523,53102.75361158816,172834.1021738163,103322.57813559804,10867.554153026904,6849.680670101743,1281367.8357053986,553319.4979767001,1395760.7997713767,2299527.5282711526,513404.20649389253,353009.383290327,66898.79814708192
13132.1603667082,1391591.5442302732,71542.2268159887,2872921.0855931346,79418.48982875819,3371810.4277421646,956203.719849352,131898.28817546432,79090.65008516458,2105592.62449405,662487.0066340049,1660869.241575845,75759.29657933902,70818.21282795854,78850.23150569107,833350.4037211346,40084.916204859364,94491.72914219787,106618.79145758248,297470.7832356426,676834.880276449,228985.7611904567,651186.6543760756,273427.351850637,1603199.4172432933,478931.78429653926,969888.9918779598,8731.123477308565,2040062.8096608757,476466.14201955043,143034.59069486256,51577.10944996083,298901.6029332324,58711.56501457431,33697.848547693866,215288.96843481695,234149.79694311979,2043075.2200854267,1181588.4089874523,53102.75361158816,172834.1021738163,103322.57813559804,10867.554153026904,6849.680670101743,1281367.8357053986,553319.4979767001,682196.870472251,2299527.5282711526,209583.511155638,353009.383290327,60643.26673435965
13132.1603667082,1210043.1436062627,71542.2268159887,96804.35689257162,79418.48982875819,3371810.4277421646,956203.719849352,131898.28817546432,79090.65008516458,2105592.62449405,662487.0066340049,1660869.241575845,75759.29657933902,70818.21282795854,78850.23150569107,833350.4037211346,40084.916204859364,94491.72914219787,46869.32023368844,297470.7832356426,676834.880276449,228985.7611904567,552867.7515550898,273427.351850637,1603199.4172432933,478931.78429653926,535943.0721231436,8731.123477308565,2040062.8096608757,476466.14201955043,143034.59069486256,51577.10944996083,298901.6029332324,58711.56501457431,33697.848547693866,215288.96843481695,234149.79694311979,2043075.2200854267,1181588.4089874523,53102.75361158816,172834.1021738163,103322.57813559804,10867.554153026904,6849.680670101743,1281367.8357053986,553319.4979767001,682196.870472251,954195.8850106748,209583.511155638,290912.3743264123,60643.26673435965
13132.1603667082,1210043.1436062627,71542.2268159887,96804.35689257162,79418.48982875819,3371810.4277421646,956203.719849352,44953.9417962819,79090.65008516458,2105592.62449405,662487.0066340049,1660869.241575845,75759.29657933902,70818.21282795854,78850.23150569107,833350.4037211346,40084.916204859364,94491.72914219787,46869.32023368844,297470.7832356426,676834.880276449,228985.7611904567,534766.7053796771,100588.26393005234,270658.10943340213,478931.78429653926,535943.0721231436,8731.123477308565,2040062.8096608757,476466.14201955043,143034.59069486256,51577.10944996083,298901.6029332324,58711.56501457431,33697.848547693866,215288.96843481695,234149.79694311979,2043075.2200854267,313691.3387802666,53102.75361158816,172834.1021738163,103322.57813559804,10867.554153026904,6849.680670101743,1281367.8357053986,553319.4979767001,682196.870472251,954195.8850106748,209583.511155638,224241.5103669431,60643.26673435965
13132.1603667082,625010.4272992169,71542.2268159887,96804.35689257162,79418.48982875819,3371810.4277421646,956203.719849352,44953.9417962819,79090.65008516458,2105592.62449405,662487.0066340049,1660869.241575845,75759.29657933902,70818.21282795854,78850.23150569107,833350.4037211346,40084.916204859364,94491.72914219787,46869.32023368844,297470.7832356426,676834.880276449,228985.7611904567,534766.7053796771,100588.26393005234,270658.10943340213,478931.78429653926,535943.0721231436,8731.123477308565,2040062.8096608757,272821.7591080166,143034.59069486256,51577.10944996083,298901.6029332324,58711.56501457431,33697.848547693866,215288.96843481695,234149.79694311979,2043075.2200854267,114737.1968812361,53102.75361158816,172834.1021738163,103322.57813559804,10867.554153026904,6849.680670101743,1281367.8357053986,553319.4979767001,492410.006594149,907153.2557283232,209583.511155638,224241.5103669431,60643.26673435965
13132.1603667082,625010.4272992169,71542.2268159887,96804.35689257162,79418.48982875819,3371810.4277421646,254533.9807337639,44953.9417962819,79090.65008516458,2105592.62449405,662487.0066340049,1660869.241575845,75759.29657933902,70818.21282795854,78850.23150569107,833350.4037211346,40084.916204859364,94491.72914219787,46869.32023368844,297470.7832356426,676834.880276449,228985.7611904567,60729.3530381906,93094.82859241377,270658.10943340213,39640.456267431844,535943.0721231436,8731.123477308565,2040062.8096608757,272821.7591080166,143034.59069486256,51577.10944996083,298901.6029332324,58711.56501457431,33697.848547693866,215288.96843481695,234149.79694311979,2043075.2200854267,114737.1968812361,53102.75361158816,172834.1021738163,103322.57813559804,10867.554153026904,6849.680670101743,588097.5671096453,553319.4979767001,492410.006594149,907153.2557283232,209583.511155638,224241.5103669431,60643.26673435965
13132.1603667082,625010.4272992169,71542.2268159887,96804.35689257162,79418.48982875819,3371810.4277421646,76879.87170928324,44953.9417962819,79090.65008516458,2105592.62449405,662487.0066340049,1660869.241575845,75759.29657933902,70818.21282795854,78850.23150569107,833350.4037211346,40084.916204859364,94491.72914219787,46869.32023368844,297470.7832356426,676834.880276449,228985.7611904567,60729.3530381906,93094.82859241377,270658.10943340213,39640.456267431844,535943.0721231436,8731.123477308565,2040062.8096608757,272821.7591080166,143034.59069486256,51577.10944996083,101719.21498652155,58711.56501457431,33697.848547693866,215288.96843481695,234149.79694311979,2043075.2200854267,114737.1968812361,53102.75361158816,172834.1021738163,103322.57813559804,10867.554153026904,6849.680670101743,588097.5671096453,553319.4979767001,492410.006594149,907153.2557283232,187192.267917418,224241.5103669431,34213.544515691625
13132.1603667082,625010.4272992169,71542.2268159887,96804.35689257162,48859.46438641974,3371810.4277421646,76879.87170928324,44953.9417962819,79084.7248700785,2105592.62449405,662487.0066340049,248851.59660453332,75759.29657933902,70818.21282795854,78850.23150569107,833350.4037211346,40084.916204859364,94491.72914219787,46869.32023368844,297470.7832356426,676834.880276449,228985.7611904567,60729.3530381906,93094.82859241377,15652.352929138713,39640.456267431844,535943.0721231436,8731.123477308565,49902.592389598954,272821.7591080166,143034.59069486256,51577.10944996083,101719.21498652155,58711.56501457431,33697.848547693866,215288.96843481695,234149.79694311979,366873.54759301175,114737.1968812361,53102.75361158816,172834.1021738163,103322.57813559804,10867.554153026904,6849.680670101743,588097.5671096453,553319.4979767001,453253.6038681386,562338.0693344065,173604.64422242652,224241.5103669431,34213.544515691625
13132.1603667082,625010.4272992169,71542.2268159887,96804.35689257162,48859.46438641974,3371810.4277421646,76879.87170928324,44953.9417962819,79084.7248700785,2105592.62449405,662465.5271288299,248851.59660453332,75759.29657933902,70818.21282795854,78850.23150569107,833350.4037211346,40084.916204859364,94491.72914219787,46869.32023368844,297470.7832356426,676834.880276449,228985.7611904567,60729.3530381906,93094.82859241377,15652.352929138713,39640.456267431844,535943.0721231436,8731.123477308565,49902.592389598954,272821.7591080166,143034.59069486256,51577.10944996083,101719.21498652155,11532.193813734491,33697.848547693866,215288.96843481695,234149.79694311979,366873.54759301175,114737.1968812361,53102.75361158816,172834.1021738163,38865.969581795696,10867.554153026904,6849.680670101743,588097.5671096453,553319.4979767001,453253.6038681386,562338.0693344065,173604.64422242652,224241.5103669431,34213.544515691625
13132.1603667082,625010.4272992169,71542.2268159887,96804.35689257162,23257.17902646564,3371810.4277421646,76879.87170928324,44953.9417962819,20438.611018286298,1654455.7908517679,662460.4868880574,248851.59660453332,75759.29657933902,70818.21282795854,78850.23150569107,833350.4037211346,40084.916204859364,94491.72914219787,46869.32023368844,297470.7832356426,676834.880276449,228985.7611904567,60729.3530381906,93094.82859241377,15652.352929138713,39640.456267431844,47756.54404192043,8731.123477308565,49902.592389598954,272821.7591080166,143034.59069486256,51577.10944996083,101719.21498652155,11532.193813734491,33697.848547693866,215288.96843481695,150538.87299039302,366873.54759301175,114737.1968812361,53102.75361158816,172834.1021738163,38865.969581795696,10867.554153026904,6849.680670101743,588097.5671096453,553319.4979767001,453253.6038681386,562338.0693344065,173604.64422242652,224241.5103669431,34213.544515691625
13132.1603667082,625010.4272992169,71542.2268159887,96804.35689257162,23257.17902646564,3371810.4277421646,76879.87170928324,44953.9417962819,20438.611018286298,1654455.7908517679,662460.4868880574,248851.59660453332,75759.29657933902,70818.21282795854,78850.23150569107,833350.4037211346,40084.916204859364,94491.72914219787,44353.236040697724,297470.7832356426,676834.880276449,228985.7611904567,53381.09390575875,93094.82859241377,15652.352929138713,39640.456267431844,47756.54404192043,8731.123477308565,49902.592389598954,272821.7591080166,143034.59069486256,51577.10944996083,101719.21498652155,11532.193813734491,33697.848547693866,215288.96843481695,150538.87299039302,366873.54759301175,114737.1968812361,53102.75361158816,172834.1021738163,38865.969581795696,10867.554153026904,6849.680670101743,588097.5671096453,553319.4979767001,453253.6038681386,562338.0693344065,143906.39147087574,224241.5103669431,28572.700082310294
13132.1603667082,625010.4272992169,71542.2268159887,96804.35689257162,23257.17902646564,3371810.4277421646,76879.87170928324,44953.9417962819,20438.611018286298,1654455.7908517679,662460.4868880574,248851.59660453332,75759.29657933902,70818.21282795854,78850.23150569107,833350.4037211346,40084.916204859364,94491.72914219787,44353.236040697724,297470.7832356426,676834.880276449,228985.7611904567,53381.09390575875,93094.82859241377,15652.352929138713,39640.456267431844,47756.54404192043,7138.3352268970275,14413.319486643555,272821.7591080166,143034.59069486256,51577.10944996083,101719.21498652155,11532.193813734491,33697.848547693866,215288.96843481695,150538.87299039302,366873.54759301175,114737.1968812361,53102.75361158816,172834.1021738163,38865.969581795696,10867.554153026904,6849.680670101743,588097.5671096453,553319.4979767001,214161.90482837876,562338.0693344065,143906.39147087574,224241.5103669431,28572.700082310294
13132.1603667082,625010.4272992169,71542.2268159887,96804.35689257162,23257.17902646564,3371810.4277421646,76879.87170928324,44953.9417962819,20438.611018286298,1654455.7908517679,662460.4868880574,248851.59660453332,75759.29657933902,70818.21282795854,78850.23150569107,833350.4037211346,40084.916204859364,42306.20175088073,37739.045195494306,297470.7832356426,676834.880276449,228985.7611904567,53381.09390575875,93094.82859241377,15652.352929138713,39640.456267431844,47756.54404192043,6941.329322256948,14413.319486643555,272821.7591080166,143034.59069486256,40388.74305243983,101719.21498652155,11532.193813734491,33697.848547693866,215288.96843481695,150538.87299039302,186432.50313600517,114737.1968812361,53102.75361158816,172834.1021738163,38865.969581795696,10867.554153026904,6849.680670101743,444006.22602425225,553319.4979767001,214161.90482837876,562338.0693344065,143906.39147087574,224241.5103669431,11823.339855257527
13132.1603667082,625010.4272992169,71542.2268159887,96804.35689257162,23257.17902646564,3371810.4277421646,76879.87170928324,44953.9417962819,20438.611018286298,1654455.7908517679,662460.4868880574,248851.59660453332,75759.29657933902,70818.21282795854,78850.23150569107,833350.4037211346,40084.916204859364,42306.20175088073,26150.547026992313,297470.7832356426,676834.880276449,228985.7611904567,53381.09390575875,93094.82859241377,15652.352929138713,39640.456267431844,47756.54404192043,6941.329322256948,14413.319486643555,272821.7591080166,143034.59069486256,40388.74305243983,101719.21498652155,11532.193813734491,33697.848547693866,215288.96843481695,150538.87299039302,186432.50313600517,114737.1968812361,53102.75361158816,172834.1021738163,19898.519355206663,10867.554153026904,6849.680670101743,444006.22602425225,292875.5340480835,214161.90482837876,562338.0693344065,143906.39147087574,224241.5103669431,11823.339855257527
13132.1603667082,625010.4272992169,71542.2268159887,96804.35689257162,23257.17902646564,3371810.4277421646,76879.87170928324,44953.9417962819,20438.611018286298,1654455.7908517679,662137.3805145018,248851.59660453332,75759.29657933902,70818.21282795854,78850.23150569107,186813.85114036722,40084.916204859364,39319.24021384261,26150.547026992313,297470.7832356426,676834.880276449,222705.03944049045,53381.09390575875,60825.87462198181,15652.352929138713,39640.456267431844,47756.54404192043,6340.134633498776,14413.319486643555,25133.243085502603,143034.59069486256,40388.74305243983,101719.21498652155,11532.193813734491,33697.848547693866,215288.96843481695,150538.87299039302,186432.50313600517,114737.1968812361,53102.75361158816,172834.1021738163,19898.519355206663,10867.554153026904,6849.680670101743,444006.22602425225,292875.5340480835,214161.90482837876,562338.0693344065,143906.39147087574,224241.5103669431,11823.339855257527
13132.1603667082,625010.4272992169,71542.2268159887,96804.35689257162,21114.535025323283,3371810.4277421646,76879.87170928324,44953.9417962819,20438.611018286298,1654455.7908517679,662137.3805145018,143920.072800872,75759.29657933902,70818.21282795854,78850.23150569107,186813.85114036722,40084.916204859364,39319.24021384261,26150.547026992313,297470.7832356426,676834.880276449,222705.03944049045,19618.06055860316,60825.87462198181,15652.352929138713,39640.456267431844,47756.54404192043,6340.134633498776,14413.319486643555,25133.243085502603,143034.59069486256,40388.74305243983,101719.21498652155,11532.193813734491,33697.848547693866,215288.96843481695,150538.87299039302,186432.50313600517,114737.1968812361,53102.75361158816,172834.1021738163,19898.519355206663,10867.554153026904,6849.680670101743,444006.22602425225,292875.5340480835,214161.90482837876,562338.0693344065,143906.39147087574,224241.5103669431,11823.339855257527
13132.1603667082,625010.4272992169,71542.2268159887,96804.35689257162,21114.535025323283,3371810.4277421646,76879.87170928324,44953.9417962819,20438.611018286298,1654455.7908517679,662137.3805145018,134636.27291723836,75759.29657933902,70818.21282795854,78850.23150569107,186813.85114036722,40084.916204859364,39319.24021384261,26150.547026992313,297470.7832356426,676834.880276449,222705.03944049045,19618.06055860316,60825.87462198181,15652.352929138713,39640.456267431844,47756.54404192043,6340.134633498776,14413.319486643555,25133.243085502603,143034.59069486256,40388.74305243983,100134.6104452128,11532.193813734491,33697.848547693866,215288.96843481695,150538.87299039302,186432.50313600517,114737.1968812361,53102.75361158816,172834.1021738163,19898.519355206663,10867.554153026904,6849.680670101743,444006.22602425225,292875.5340480835,214161.90482837876,562338.0693344065,143906.39147087574,224241.5103669431,11823.339855257527
13132.1603667082,625010.4272992169,71542.2268159887,96804.35689257162,21114.535025323283,3371810.4277421646,76879.87170928324,44953.9417962819,20438.611018286298,1654455.7908517679,662137.3805145018,134636.27291723836,75759.29657933902,70818.21282795854,78850.23150569107,71599.16818062698,40084.916204859364,39319.24021384261,26150.547026992313,297470.7832356426,676834.880276449,222705.03944049045,19618.06055860316,60825.87462198181,15652.352929138713,23839.500166901515,47756.54404192043,6340.134633498776,14413.319486643555,25133.243085502603,143034.59069486256,40388.74305243983,100134.6104452128,11532.193813734491,33697.848547693866,215288.96843481695,150538.87299039302,186432.50313600517,114737.1968812361,53102.75361158816,172834.1021738163,19898.519355206663,10867.554153026904,6849.680670101743,168105.9383654571,292875.5340480835,214161.90482837876,562338.0693344065,143906.39147087574,224241.5103669431,11823.339855257527
13132.1603667082,625010.4272992169,71542.2268159887,96804.35689257162,21114.535025323283,3371810.4277421646,76879.87170928324,44953.9417962819,20438.611018286298,1654455.7908517679,595226.3524010913,134636.27291723836,75759.29657933902,70818.21282795854,78850.23150569107,71599.16818062698,40084.916204859364,39319.24021384261,26150.547026992313,297470.7832356426,676834.880276449,146208.64123520162,19618.06055860316,46417.22445713243,15652.352929138713,23839.500166901515,47756.54404192043,6340.134633498776,14413.319486643555,25133.243085502603,143034.59069486256,40388.74305243983,100134.6104452128,11532.193813734491,33697.848547693866,215288.96843481695,150538.87299039302,186432.50313600517,114737.1968812361,53102.75361158816,172834.1021738163,19898.519355206663,10867.554153026904,6849.680670101743,168105.9383654571,292875.5340480835,214161.90482837876,562338.0693344065,143906.39147087574,224241.5103669431,11823.339855257527
13132.1603667082,625010.4272992169,71542.2268159887,96804.35689257162,21114.535025323283,2665546.179137318,76879.87170928324,44953.9417962819,20438.611018286298,1654455.7908517679,408768.0316168393,134636.27291723836,75759.29657933902,70818.21282795854,78850.23150569107,71599.16818062698,40084.916204859364,39319.24021384261,26150.547026992313,297470.7832356426,676834.880276449,146208.64123520162,19618.06055860316,46417.22445713243,15652.352929138713,23839.500166901515,47756.54404192043,6340.134633498776,14413.319486643555,25133.243085502603,143034.59069486256,40388.74305243983,100134.6104452128,11532.193813734491,33697.848547693866,215288.96843481695,16053.233725523309,186432.50313600517,114737.1968812361,53102.75361158816,172834.1021738163,19898.519355206663,10867.554153026904,6849.680670101743,162572.29456025216,292875.5340480835,47845.93822381676,562338.0693344065,143906.39147087574,224241.5103669431,11823.339855257527
13132.1603667082,625010.4272992169,58965.55334332939,96804.35689257162,21114.535025323283,2665546.179137318,76879.87170928324,44953.9417962819,19698.533446304806,29299.78983995572,408768.0316168393,134636.27291723836,75759.29657933902,70818.21282795854,78850.23150569107,71599.16818062698,40084.916204859364,39319.24021384261,26150.547026992313,297470.7832356426,676834.880276449,146208.64123520162,19618.06055860316,21643.79023405464,15652.352929138713,23839.500166901515,47756.54404192043,6340.134633498776,14413.319486643555,25133.243085502603,143034.59069486256,40388.74305243983,100134.6104452128,11167.483902485345,33697.848547693866,215288.96843481695,16053.233725523309,186432.50313600517,114737.1968812361,53102.75361158816,172834.1021738163,19898.519355206663,10867.554153026904,6849.680670101743,162572.29456025216,292875.5340480835,47845.93822381676,562338.0693344065,143906.39147087574,224241.5103669431,11823.339855257527
13132.1603667082,625010.4272992169,58965.55334332939,96804.35689257162,20069.524691191542,2665546.179137318,76879.87170928324,44953.9417962819,16183.745310430568,29299.78983995572,408768.0316168393,134636.27291723836,75759.29657933902,70818.21282795854,78850.23150569107,71599.16818062698,40084.916204859364,39319.24021384261,26150.547026992313,77543.7299122916,676834.880276449,146208.64123520162,19618.06055860316,21643.79023405464,15652.352929138713,23839.500166901515,47756.54404192043,6340.134633498776,14413.319486643555,25133.243085502603,143034.59069486256,40388.74305243983,100134.6104452128,11167.483902485345,33697.848547693866,215288.96843481695,16053.233725523309,76571.66251530082,114737.1968812361,53102.75361158816,172834.1021738163,19898.519355206663,10867.554153026904,6849.680670101743,162572.29456025216,250829.23752958304,47845.93822381676,562338.0693344065,143906.39147087574,224241.5103669431,11823.339855257527
13132.1603667082,625010.4272992169,58965.55334332939,96804.35689257162,20069.524691191542,2665546.179137318,71317.99811702977,44953.9417962819,16183.745310430568,29299.78983995572,408768.0316168393,134636.27291723836,75759.29657933902,70818.21282795854,78850.23150569107,71599.16818062698,40084.916204859364,39319.24021384261,26150.547026992313,77543.7299122916,676834.880276449,146208.64123520162,19618.06055860316,21643.79023405464,15652.352929138713,23839.500166901515,47756.54404192043,6340.134633498776,14413.319486643555,25133.243085502603,143034.59069486256,40388.74305243983,100134.6104452128,11167.483902485345,33697.848547693866,215288.96843481695,16053.233725523309,76571.66251530082,114737.1968812361,53102.75361158816,172834.1021738163,19898.519355206663,10867.554153026904,6849.680670101743,162572.29456025216,250829.23752958304,47845.93822381676,562338.0693344065,143906.39147087574,224241.5103669431,11823.339855257527
13132.1603667082,625010.4272992169,58965.55334332939,96804.35689257162,20069.524691191542,2665546.179137318,71317.99811702977,35693.53632403723,16183.745310430568,29299.78983995572,408768.0316168393,134636.27291723836,75759.29657933902,70818.21282795854,78850.23150569107,71599.16818062698,40084.916204859364,30497.58144181309,26150.547026992313,77543.7299122916,175732.80234807348,124441.04922803477,19618.06055860316,21643.79023405464,15652.352929138713,23839.500166901515,47756.54404192043,6340.134633498776,14413.319486643555,25133.243085502603,143034.59069486256,40388.74305243983,100134.6104452128,11167.483902485345,33697.848547693866,215288.96843481695,16053.233725523309,28135.80965505362,114737.1968812361,53102.75361158816,172834.1021738163,19898.519355206663,10867.554153026904,6849.680670101743,162572.29456025216,250829.23752958304,47845.93822381676,562338.0693344065,143906.39147087574,224241.5103669431,11823.339855257527
13132.1603667082,625010.4272992169,58965.55334332939,96804.35689257162,20069.524691191542,2665546.179137318,71317.99811702977,34265.99995111767,16183.745310430568,29299.78983995572,49568.89764569639,134636.27291723836,75759.29657933902,70818.21282795854,78850.23150569107,71599.16818062698,40084.916204859364,30497.58144181309,26150.547026992313,77543.7299122916,175732.80234807348,92876.29569185962,19618.06055860316,21643.79023405464,15652.352929138713,23839.500166901515,42919.04971837246,6231.238287808168,14413.319486643555,25133.243085502603,143034.59069486256,40388.74305243983,100134.6104452128,11167.483902485345,33697.848547693866,215288.96843481695,16053.233725523309,28135.80965505362,114737.1968812361,53102.75361158816,172834.1021738163,19898.519355206663,10867.554153026904,6849.680670101743,162572.29456025216,250829.23752958304,47845.93822381676,562338.0693344065,57591.09125311354,224241.5103669431,11823.339855257527
10889.159121114442,625010.4272992169,58965.55334332939,96804.35689257162,20069.524691191542,2665546.179137318,71317.99811702977,34265.99995111767,16183.745310430568,29299.78983995572,49568.89764569639,134636.27291723836,43258.65066150306,70818.21282795854,78850.23150569107,71599.16818062698,40084.916204859364,30497.58144181309,26150.547026992313,77543.7299122916,175732.80234807348,92876.29569185962,19618.06055860316,21643.79023405464,15652.352929138713,11425.615986735,41583.09311833381,6231.238287808168,14413.319486643555,25133.243085502603,143034.59069486256,40388.74305243983,100134.6104452128,11167.483902485345,33697.848547693866,128819.41247439181,16053.233725523309,28135.80965505362,114737.1968812361,53102.75361158816,172834.1021738163,19898.519355206663,10867.554153026904,6849.680670101743,162572.29456025216,250829.23752958304,47845.93822381676,455253.1601145168,57591.09125311354,224241.5103669431,11823.339855257527
10889.159121114442,625010.4272992169,35877.92690880339,96804.35689257162,11816.463364662211,2665546.179137318,71317.99811702977,34265.99995111767,16183.745310430568,29299.78983995572,30481.24020419047,134636.27291723836,43258.65066150306,70818.21282795854,78850.23150569107,32993.703603575836,40084.916204859364,26905.696610084167,26150.547026992313,77543.7299122916,175732.80234807348,92876.29569185962,19618.06055860316,21643.79023405464,15652.352929138713,11425.615986735,36526.429232685696,6231.238287808168,14413.319486643555,25133.243085502603,143034.59069486256,40388.74305243983,100134.6104452128,11167.483902485345,33697.848547693866,128819.41247439181,16053.233725523309,28135.80965505362,114737.1968812361,53102.75361158816,172834.1021738163,19898.519355206663,10867.554153026904,6849.680670101743,162572.29456025216,250829.23752958304,47845.93822381676,407597.99866387266,57591.09125311354,87503.46429155482,11823.339855257527
10889.159121114442,625010.4272992169,35877.92690880339,96804.35689257162,11816.463364662211,2665546.179137318,71317.99811702977,34265.99995111767,16183.745310430568,29299.78983995572,30481.24020419047,134636.27291723836,43258.65066150306,70818.21282795854,78850.23150569107,32993.703603575836,40084.916204859364,24997.736646332458,26150.547026992313,77543.7299122916,175732.80234807348,92876.29569185962,19618.06055860316,21643.79023405464,15652.352929138713,11425.615986735,36526.429232685696,6231.238287808168,14413.319486643555,25133.243085502603,143034.59069486256,40388.74305243983,100134.6104452128,11167.483902485345,33697.848547693866,128819.41247439181,16053.233725523309,28135.80965505362,114737.1968812361,53102.75361158816,172834.1021738163,19898.519355206663,10867.554153026904,6849.680670101743,162572.29456025216,250829.23752958304,47845.93822381676,407597.99866387266,57591.09125311354,87503.46429155482,11823.339855257527
10889.159121114442,625010.4272992169,35877.92690880339,96804.35689257162,10728.866606496347,2665546.179137318,40244.945176421694,34265.99995111767,16183.745310430568,29299.78983995572,30481.24020419047,134636.27291723836,43258.65066150306,70818.21282795854,78850.23150569107,32993.703603575836,40084.916204859364,24997.736646332458,20598.507164015733,77543.7299122916,175732.80234807348,92876.29569185962,19618.06055860316,21643.79023405464,15652.352929138713,11425.615986735,36526.429232685696,6231.238287808168,14413.319486643555,25133.243085502603,143034.59069486256,40388.74305243983,97612.74101162223,11167.483902485345,33697.848547693866,128819.41247439181,16053.233725523309,28135.80965505362,114737.1968812361,53102.75361158816,172834.1021738163,19898.519355206663,10867.554153026904,6849.680670101743,162572.29456025216,250829.23752958304,47845.93822381676,57089.500869675234,57591.09125311354,87503.46429155482,11823.339855257527
10889.159121114442,625010.4272992169,35877.92690880339,96804.35689257162,10728.866606496347,2665546.179137318,40244.945176421694,34265.99995111767,16183.745310430568,29299.78983995572,30481.24020419047,134636.27291723836,43258.65066150306,70818.21282795854,78850.23150569107,32993.703603575836,40084.916204859364,12669.095365218707,13026.68107596002,77543.7299122916,175732.80234807348,92876.29569185962,19618.06055860316,21643.79023405464,15652.352929138713,11425.615986735,36526.429232685696,6126.430972383744,14413.319486643555,25133.243085502603,139078.21046923287,40388.74305243983,97612.74101162223,11167.483902485345,33697.848547693866,128819.41247439181,16053.233725523309,28135.80965505362,114737.1968812361,53102.75361158816,172834.1021738163,19898.519355206663,10867.554153026904,6849.680670101743,162572.29456025216,250829.23752958304,47845.93822381676,57089.500869675234,57591.09125311354,87503.46429155482,11823.339855257527
10359.931193560955,625010.4272992169,35877.92690880339,96804.35689257162,10383.992504971804,2665546.179137318,40244.945176421694,34265.99995111767,16183.745310430568,29299.78983995572,30481.24020419047,15942.934593811477,43258.65066150306,70818.21282795854,78850.23150569107,32993.703603575836,40084.916204859364,12231.488036714709,13026.68107596002,77543.7299122916,175732.80234807348,92876.29569185962,19618.06055860316,21643.79023405464,15652.352929138713,11425.615986735,36526.429232685696,6126.430972383744,14413.319486643555,25133.243085502603,139078.21046923287,40388.74305243983,33694.39597099199,11167.483902485345,27332.009316830365,128819.41247439181,16053.233725523309,28135.80965505362,19238.15736617361,53102.75361158816,42473.33312059908,8202.406580609635,10867.554153026904,6849.680670101743,162572.29456025216,250829.23752958304,47845.93822381676,57089.500869675234,46958.91194689415,80914.84481972907,11823.339855257527
10359.931193560955,625010.4272992169,35877.92690880339,96804.35689257162,10383.992504971804,2665546.179137318,40244.945176421694,34265.99995111767,14295.229892354451,29299.78983995572,27751.1322139472,15942.934593811477,43258.65066150306,7295.561053842063,78850.23150569107,32993.703603575836,40084.916204859364,12231.488036714709,11731.188857588488,77543.7299122916,175732.80234807348,92876.29569185962,19618.06055860316,21643.79023405464,15652.352929138713,11425.615986735,36526.429232685696,6105.81511209721,14413.319486643555,25133.243085502603,139078.21046923287,40388.74305243983,33694.39597099199,11167.483902485345,26588.445067847602,128819.41247439181,16053.233725523309,28135.80965505362,19238.15736617361,53102.75361158816,42473.33312059908,8202.406580609635,10867.554153026904,6849.680670101743,162572.29456025216,250829.23752958304,47845.93822381676,57089.500869675234,46958.91194689415,80914.84481972907,11823.339855257527
10359.931193560955,625010.4272992169,35877.92690880339,96804.35689257162,10383.992504971804,2665546.179137318,40244.945176421694,34265.99995111767,14295.229892354451,29299.78983995572,27751.1322139472,15942.934593811477,43258.65066150306,7295.561053842063,78850.23150569107,32993.703603575836,40084.916204859364,12231.488036714709,11731.188857588488,77543.7299122916,175732.80234807348,91545.39939505044,19618.06055860316,21643.79023405464,10003.514413140476,11425.615986735,36526.429232685696,6105.81511209721,14413.319486643555,25133.243085502603,126581.83940449309,40388.74305243983,33694.39597099199,11167.483902485345,26588.445067847602,128819.41247439181,16053.233725523309,28135.80965505362,19238.15736617361,53102.75361158816,42473.33312059908,8202.406580609635,10867.554153026904,6849.680670101743,162572.29456025216,250829.23752958304,47845.93822381676,57089.500869675234,46958.91194689415,80914.84481972907,11823.339855257527
10359.931193560955,625010.4272992169,35877.92690880339,96804.35689257162,10383.992504971804,2665546.179137318,40244.945176421694,34265.99995111767,12382.120847560678,29299.78983995572,27751.1322139472,15942.934593811477,40066.409066264765,7295.561053842063,78850.23150569107,32993.703603575836,40084.916204859364,10935.146853384143,11731.188857588488,77543.7299122916,175732.80234807348,91545.39939505044,19618.06055860316,21643.79023405464,10003.514413140476,11425.615986735,36526.429232685696,6105.81511209721,14413.319486643555,25133.243085502603,126581.83940449309,40388.74305243983,33694.39597099199,11167.483902485345,26588.445067847602,100747.84002967768,16053.233725523309,28135.80965505362,19238.15736617361,53102.75361158816,42473.33312059908,8202.406580609635,9773.160206133954,6849.680670101743,162572.29456025216,250829.23752958304,47845.93822381676,57089.500869675234,46958.91194689415,80914.84481972907,11823.339855257527
10359.931193560955,625010.4272992169,35877.92690880339,96804.35689257162,10383.992504971804,2665546.179137318,39491.979285032285,34265.99995111767,12382.120847560678,29299.78983995572,27751.1322139472,15942.934593811477,40066.409066264765,7295.561053842063,78850.23150569107,32993.703603575836,40084.916204859364,10935.146853384143,11731.188857588488,77543.7299122916,175732.80234807348,13399.249118260574,19618.06055860316,21643.79023405464,10003.514413140476,11425.615986735,15775.456180310766,6105.81511209721,14413.319486643555,25133.243085502603,126581.83940449309,40388.74305243983,33694.39597099199,11167.483902485345,26588.445067847602,100747.84002967768,16053.233725523309,28135.80965505362,19238.15736617361,53102.75361158816,42473.33312059908,8202.406580609635,8693.920374265013,6849.680670101743,150263.93239710506,250829.23752958304,47845.93822381676,57089.500869675234,46958.91194689415,80914.84481972907,11823.339855257527
10359.931193560955,625010.4272992169,35877.92690880339,96804.35689257162,10383.992504971804,2665546.179137318,39491.979285032285,34265.99995111767,12382.120847560678,29299.78983995572,27751.1322139472,15942.934593811477,40066.409066264765,7295.561053842063,78850.23150569107,32993.703603575836,40084.916204859364,10935.146853384143,11731.188857588488,77543.7299122916,175732.80234807348,11103.583401391203,17073.989531721607,21643.79023405464,10003.514413140476,11425.615986735,15775.456180310766,6105.81511209721,12878.359943698575,25133.243085502603,126581.83940449309,40388.74305243983,33694.39597099199,11167.483902485345,24735.905284466033,100747.84002967768,16053.233725523309,28135.80965505362,19238.15736617361,53102.75361158816,42473.33312059908,8202.406580609635,8693.920374265013,6849.680670101743,111915.60869704549,138701.6114488102,47845.93822381676,57089.500869675234,46958.91194689415,80914.84481972907,11823.339855257527
10359.931193560955,625010.4272992169,27054.140497370972,96804.35689257162,10383.992504971804,2665546.179137318,39491.979285032285,29789.643664740233,12308.170252206719,29299.78983995572,27751.1322139472,15942.934593811477,40066.409066264765,7295.561053842063,78850.23150569107,32993.703603575836,40084.916204859364,10935.146853384143,11731.188857588488,77543.7299122916,175732.80234807348,11103.583401391203,17073.989531721607,21643.79023405464,10003.514413140476,11425.615986735,15775.456180310766,6105.81511209721,12878.359943698575,25133.243085502603,126581.83940449309,40388.74305243983,32733.56171077581,11167.483902485345,24735.905284466033,100747.84002967768,16053.233725523309,28135.80965505362,19238.15736617361,53102.75361158816,42473.33312059908,8202.406580609635,8693.920374265013,6849.680670101743,111915.60869704549,138701.6114488102,47845.93822381676,57089.500869675234,46958.91194689415,80914.84481972907,11823.339855257527
10359.931193560955,625010.4272992169,27054.140497370972,96804.35689257162,10383.992504971804,2665546.179137318,39491.979285032285,29789.643664740233,12308.170252206719,29299.78983995572,27751.1322139472,15942.934593811477,17848.476990382216,7295.561053842063,31130.388046848144,32993.703603575836,10875.238462154906,10303.207517590841,11731.188857588488,77543.7299122916,175732.80234807348,11103.583401391203,17073.989531721607,10753.730884058425,10003.514413140476,11425.615986735,15775.456180310766,6099.879776658095,12878.359943698575,25133.243085502603,126581.83940449309,40388.74305243983,32733.56171077581,11167.483902485345,24735.905284466033,100747.84002967768,16053.233725523309,14591.812682869822,19238.15736617361,53102.75361158816,42473.33312059908,8202.406580609635,8693.920374265013,4384.109850773557,111915.60869704549,138701.6114488102,47845.93822381676,57089.500869675234,46958.91194689415,80914.84481972907,11823.339855257527
10359.931193560955,625010.4272992169,27054.140497370972,96804.35689257162,10383.992504971804,2391891.9350418006,39491.979285032285,29789.643664740233,12308.170252206719,29299.78983995572,27751.1322139472,15942.934593811477,17848.476990382216,7295.561053842063,31130.388046848144,32993.703603575836,10875.238462154906,10303.207517590841,11731.188857588488,77543.7299122916,175732.80234807348,11103.583401391203,17073.989531721607,10753.730884058425,10003.514413140476,11425.615986735,15344.413117247277,6028.782792875675,12878.359943698575,25133.243085502603,126581.83940449309,40388.74305243983,32733.56171077581,11167.483902485345,15491.290151092475,100747.84002967768,16053.233725523309,14591.812682869822,19238.15736617361,53102.75361158816,42473.33312059908,8202.406580609635,8693.920374265013,4384.109850773557,111915.60869704549,138701.6114488102,47845.93822381676,57089.500869675234,6146.186667000276,80914.84481972907,11823.339855257527
10359.931193560955,625010.4272992169,27054.140497370972,96804.35689257162,10383.992504971804,2391891.9350418006,39491.979285032285,29789.643664740233,12308.170252206719,29299.78983995572,27751.1322139472,15942.934593811477,6265.896641595027,6000.752259684346,31130.388046848144,32993.703603575836,10875.238462154906,10303.207517590841,11731.188857588488,77543.7299122916,175732.80234807348,11103.583401391203,17073.989531721607,6191.36886291024,10003.514413140476,11425.615986735,15344.413117247277,6028.782792875675,12878.359943698575,25133.243085502603,126581.83940449309,40388.74305243983,31721.014667932155,11167.483902485345,15491.290151092475,100747.84002967768,16053.233725523309,14591.812682869822,19238.15736617361,53102.75361158816,42473.33312059908,8202.406580609635,8693.920374265013,4384.109850773557,111915.60869704549,138701.6114488102,47845.93822381676,57089.500869675234,6146.186667000276,80914.84481972907,11823.339855257527
10359.931193560955,625010.4272992169,27054.140497370972,82891.23112113135,10383.992504971804,2391891.9350418006,39491.979285032285,29789.643664740233,12308.170252206719,29299.78983995572,27751.1322139472,15942.934593811477,6265.896641595027,6000.752259684346,31130.388046848144,32993.703603575836,10875.238462154906,10303.207517590841,11498.321820138848,77543.7299122916,175732.80234807348,11103.583401391203,13757.031542532193,6191.36886291024,9540.054962206643,11425.615986735,15344.413117247277,6028.782792875675,12878.359943698575,25133.243085502603,126581.83940449309,40388.74305243983,30119.0602714048,11167.483902485345,11859.598219147598,100747.84002967768,16053.233725523309,14591.812682869822,15891.339043419268,53102.75361158816,42473.33312059908,8202.406580609635,8693.920374265013,4384.109850773557,111915.60869704549,138701.6114488102,47845.93822381676,57089.500869675234,6146.186667000276,80914.84481972907,11823.339855257527
10359.931193560955,625010.4272992169,27054.140497370972,82891.23112113135,6612.305967598799,2391891.9350418006,39491.979285032285,29789.643664740233,12308.170252206719,29299.78983995572,27505.656778517492,15942.934593811477,6265.896641595027,6000.752259684346,31130.388046848144,32993.703603575836,10875.238462154906,10303.207517590841,11498.321820138848,40195.95234065682,175732.80234807348,11103.583401391203,13757.031542532193,6191.36886291024,9540.054962206643,11425.615986735,15344.413117247277,5980.487555260609,12524.865254191813,25133.243085502603,126581.83940449309,40388.74305243983,30119.0602714048,11167.483902485345,11859.598219147598,100747.84002967768,16053.233725523309,14591.812682869822,15891.339043419268,53102.75361158816,42473.33312059908,8202.406580609635,8693.920374265013,4384.109850773557,109608.76244494655,138701.6114488102,47845.93822381676,57089.500869675234,6146.186667000276,80914.84481972907,11823.339855257527
10359.931193560955,625010.4272992169,27054.140497370972,12700.900471259198,6612.305967598799,2391891.9350418006,36000.325527330875,29789.643664740233,12308.170252206719,29299.78983995572,27505.656778517492,15942.934593811477,6265.896641595027,6000.752259684346,31130.388046848144,32993.703603575836,10875.238462154906,10303.207517590841,10152.318787036338,40195.95234065682,175732.80234807348,11103.583401391203,13757.031542532193,6191.36886291024,9540.054962206643,11425.615986735,15344.413117247277,5970.549409589328,12524.865254191813,25133.243085502603,126581.83940449309,40388.74305243983,30119.0602714048,11167.483902485345,11859.598219147598,100747.84002967768,9881.877346085714,14591.812682869822,15891.339043419268,53102.75361158816,42473.33312059908,8202.406580609635,8693.920374265013,4384.109850773557,84380.54242121315,132067.50921521915,47845.93822381676,57089.500869675234,6146.186667000276,80914.84481972907,11823.339855257527
10359.931193560955,625010.4272992169,27054.140497370972,12700.900471259198,6612.305967598799,2391891.9350418006,36000.325527330875,29789.643664740233,12308.170252206719,29299.78983995572,27505.656778517492,15821.176782181223,6265.896641595027,6000.752259684346,31130.388046848144,32993.703603575836,10875.238462154906,10303.207517590841,10152.318787036338,40195.95234065682,175732.80234807348,11103.583401391203,13757.031542532193,6191.36886291024,9540.054962206643,11425.615986735,15344.413117247277,5183.787152193839,11588.64510265589,25133.243085502603,78943.5203374569,40388.74305243983,27179.15156059673,11167.483902485345,11859.598219147598,60886.23892702273,9881.877346085714,14591.812682869822,15891.339043419268,53102.75361158816,42473.33312059908,8202.406580609635,8693.920374265013,4384.109850773557,61658.869912417664,132067.50921521915,47845.93822381676,57089.500869675234,6146.186667000276,80914.84481972907,11823.339855257527
10359.931193560955,625010.4272992169,27054.140497370972,12700.900471259198,6612.305967598799,2391891.9350418006,36000.325527330875,29789.643664740233,12308.170252206719,29299.78983995572,22891.742698371512,15821.176782181223,6265.896641595027,6000.752259684346,31130.388046848144,32993.703603575836,10875.238462154906,7683.222099315394,7639.716447026559,40195.95234065682,175732.80234807348,11103.583401391203,13757.031542532193,6191.36886291024,9540.054962206643,10267.299423732893,15344.413117247277,5183.787152193839,11588.64510265589,25133.243085502603,21227.165139839657,40388.74305243983,27179.15156059673,9511.238103504013,11859.598219147598,60886.23892702273,9881.877346085714,13015.10112788096,15891.339043419268,53102.75361158816,42473.33312059908,8202.406580609635,8693.920374265013,4384.109850773557,61658.869912417664,132067.50921521915,47845.93822381676,57089.500869675234,6146.186667000276,80914.84481972907,11823.339855257527
10359.931193560955,625010.4272992169,27054.140497370972,12700.900471259198,6612.305967598799,2391891.9350418006,36000.325527330875,29789.643664740233,12308.170252206719,29299.78983995572,19848.91031027808,15821.176782181223,6265.896641595027,6000.752259684346,31130.388046848144,32993.703603575836,10875.238462154906,7683.222099315394,7639.716447026559,40195.95234065682,175732.80234807348,11103.583401391203,13757.031542532193,6191.36886291024,9540.054962206643,10267.299423732893,15344.413117247277,5183.787152193839,11588.64510265589,25133.243085502603,21227.165139839657,40388.74305243983,27179.15156059673,9511.238103504013,11859.598219147598,60886.23892702273,9881.877346085714,13015.10112788096,15891.339043419268,53102.75361158816,42473.33312059908,8202.406580609635,8693.920374265013,4384.109850773557,61658.869912417664,132067.50921521915,47845.93822381676,57089.500869675234,6146.186667000276,80914.84481972907,11823.339855257527
10359.931193560955,625010.4272992169,27054.140497370972,12700.900471259198,6612.305967598799,2391891.9350418006,36000.325527330875,29789.643664740233,12308.170252206719,29299.78983995572,19848.91031027808,15821.176782181223,6265.896641595027,6000.752259684346,31130.388046848144,32993.703603575836,10875.238462154906,7683.222099315394,7639.716447026559,40195.95234065682,175732.80234807348,11103.583401391203,13757.031542532193,6191.36886291024,9540.054962206643,10267.299423732893,15344.413117247277,5183.787152193839,11588.64510265589,25133.243085502603,16464.286580751388,40388.74305243983,27179.15156059673,5994.160169379129,11859.598219147598,49459.61630254634,9881.877346085714,13015.10112788096,15891.339043419268,53102.75361158816,42473.33312059908,8202.406580609635,5453.3086423889945,4384.109850773557,45299.97451945927,100776.49768290846,47845.93822381676,57089.500869675234,6146.186667000276,80914.84481972907,11823.339855257527
10359.931193560955,625010.4272992169,27054.140497370972,12700.900471259198,6612.305967598799,2391891.9350418006,36000.325527330875,29789.643664740233,12308.170252206719,29299.78983995572,19848.91031027808,15821.176782181223,6265.896641595027,6000.752259684346,31130.388046848144,32993.703603575836,10875.238462154906,7683.222099315394,7639.716447026559,40195.95234065682,55665.71592098797,11103.583401391203,13757.031542532193,6191.36886291024,9540.054962206643,10267.299423732893,14141.849346198222,5183.787152193839,11588.64510265589,25133.243085502603,16464.286580751388,40388.74305243983,27179.15156059673,5994.160169379129,11859.598219147598,49459.61630254634,9881.877346085714,13015.10112788096,15891.339043419268,53102.75361158816,42473.33312059908,8202.406580609635,5453.3086423889945,4384.109850773557,45299.97451945927,100776.49768290846,47845.93822381676,57089.500869675234,6146.186667000276,80914.84481972907,11823.339855257527
10359.931193560955,625010.4272992169,27054.140497370972,12700.900471259198,6612.305967598799,2391891.9350418006,36000.325527330875,29789.643664740233,11594.656595120838,29299.78983995572,19848.91031027808,14470.813184459164,6265.896641595027,6000.752259684346,31130.388046848144,32993.703603575836,10875.238462154906,7683.222099315394,7639.716447026559,40195.95234065682,55665.71592098797,11103.583401391203,13757.031542532193,6191.36886291024,9540.054962206643,10267.299423732893,14141.849346198222,5183.787152193839,11588.64510265589,25133.243085502603,16464.286580751388,40388.74305243983,27179.15156059673,5214.193224930968,11859.598219147598,49459.61630254634,9881.877346085714,13015.10112788096,15891.339043419268,53102.75361158816,42473.33312059908,8202.406580609635,5453.3086423889945,4384.109850773557,45299.97451945927,100776.49768290846,47845.93822381676,57089.500869675234,6146.186667000276,80914.84481972907,11823.339855257527
10359.931193560955,351049.77232537826,27054.140497370972,12700.900471259198,6612.305967598799,2391891.9350418006,36000.325527330875,29789.643664740233,10142.937878368879,29299.78983995572,18640.853924338688,14470.813184459164,6265.896641595027,6000.752259684346,22473.23277687357,32993.703603575836,10875.238462154906,7683.222099315394,7639.716447026559,40195.95234065682,55665.71592098797,11103.583401391203,13757.031542532193,6191.36886291024,9540.054962206643,10267.299423732893,14141.849346198222,5183.787152193839,11588.64510265589,25133.243085502603,16464.286580751388,40388.74305243983,27179.15156059673,5214.193224930968,11859.598219147598,49459.61630254634,5714.323349979068,13015.10112788096,14468.920633960734,12718.324633635686,42473.33312059908,8202.406580609635,5368.8316673653935,4384.109850773557,10191.494850513049,100776.49768290846,47845.93822381676,57089.500869675234,6146.186667000276,80914.84481972907,11823.339855257527
10359.931193560955,351049.77232537826,27054.140497370972,12700.900471259198,6612.305967598799,2391891.9350418006,11200.15353947039,29789.643664740233,10142.937878368879,29299.78983995572,18640.853924338688,14470.813184459164,6265.896641595027,6000.752259684346,22473.23277687357,32993.703603575836,10875.238462154906,7103.677271049103,7639.716447026559,40195.95234065682,35615.64630242829,11103.583401391203,13757.031542532193,6191.36886291024,9540.054962206643,10267.299423732893,14141.849346198222,5183.787152193839,11588.64510265589,25133.243085502603,16464.286580751388,40388.74305243983,27179.15156059673,5214.193224930968,11859.598219147598,49459.61630254634,5335.263242732897,13015.10112788096,14468.920633960734,12718.324633635686,42473.33312059908,8202.406580609635,5368.8316673653935,4384.109850773557,10191.494850513049,31591.040064933066,47845.93822381676,57089.500869675234,6146.186667000276,80914.84481972907,11823.339855257527
10359.931193560955,351049.77232537826,27054.140497370972,12700.900471259198,6612.305967598799,2391891.9350418006,11200.15353947039,29789.643664740233,9497.959563102106,29299.78983995572,17830.40691409149,14470.813184459164,6265.896641595027,6000.752259684346,22473.23277687357,32993.703603575836,10875.238462154906,7103.677271049103,7639.716447026559,35843.250996200935,29590.381102053987,11103.583401391203,13757.031542532193,6191.36886291024,9540.054962206643,7442.100953116982,14141.849346198222,5183.787152193839,11588.64510265589,25133.243085502603,16464.286580751388,40090.30994425564,27179.15156059673,5214.193224930968,11859.598219147598,24560.21849441294,5335.263242732897,13015.10112788096,14468.920633960734,12718.324633635686,42473.33312059908,8202.406580609635,5368.8316673653935,4384.109850773557,10191.494850513049,31591.040064933066,47845.93822381676,57089.500869675234,6146.186667000276,80914.84481972907,11823.339855257527
10359.931193560955,351049.77232537826,27054.140497370972,12700.900471259198,6612.305967598799,2391891.9350418006,11200.15353947039,8959.518167896877,9497.959563102106,29299.78983995572,9730.6492382151,13571.70356926149,6265.896641595027,6000.752259684346,22473.23277687357,32993.703603575836,10875.238462154906,7103.677271049103,7639.716447026559,35843.250996200935,29590.381102053987,11005.647309417467,13757.031542532193,6191.36886291024,9540.054962206643,7442.100953116982,12603.664039405761,5183.787152193839,11588.64510265589,25133.243085502603,16464.286580751388,40090.30994425564,27179.15156059673,5214.193224930968,11859.598219147598,24560.21849441294,5335.263242732897,13015.10112788096,14468.920633960734,12718.324633635686,42473.33312059908,8202.406580609635,5368.8316673653935,4384.109850773557,10191.494850513049,31591.040064933066,47845.93822381676,57089.500869675234,6146.186667000276,80914.84481972907,11823.339855257527
10359.931193560955,351049.77232537826,27054.140497370972,12700.900471259198,5697.357028820536,2391891.9350418006,11200.15353947039,8959.518167896877,9497.959563102106,29299.78983995572,9730.6492382151,13571.70356926149,6265.896641595027,6000.752259684346,22473.23277687357,32993.703603575836,10875.238462154906,7103.677271049103,7143.334251802362,35843.250996200935,29590.381102053987,11005.647309417467,13535.936571832417,6191.36886291024,9540.054962206643,7442.100953116982,12603.664039405761,5183.787152193839,11588.64510265589,25133.243085502603,16464.286580751388,40090.30994425564,27179.15156059673,5214.193224930968,10760.549952031595,24560.21849441294,5335.263242732897,13015.10112788096,14468.920633960734,12718.324633635686,42473.33312059908,8202.406580609635,5368.8316673653935,4384.109850773557,10191.494850513049,31591.040064933066,47845.93822381676,57089.500869675234,6146.186667000276,80914.84481972907,11823.339855257527
8136.772190576998,351049.77232537826,27054.140497370972,12700.900471259198,5697.357028820536,2391891.9350418006,11200.15353947039,8959.518167896877,9497.959563102106,29299.78983995572,9730.6492382151,13571.70356926149,6265.896641595027,6000.752259684346,22473.23277687357,32993.703603575836,10875.238462154906,7103.677271049103,7143.334251802362,35843.250996200935,29590.381102053987,11005.647309417467,13535.936571832417,6191.36886291024,9540.054962206643,7442.100953116982,12603.664039405761,5183.787152193839,11588.64510265589,25133.243085502603,16464.286580751388,40090.30994425564,27179.15156059673,5214.193224930968,10760.549952031595,24560.21849441294,5335.263242732897,13015.10112788096,14468.920633960734,12718.324633635686,42473.33312059908,8202.406580609635,5368.8316673653935,4384.109850773557,10191.494850513049,31591.040064933066,47845.93822381676,57089.500869675234,6146.186667000276,77658.01456287125,11823.339855257527
8136.772190576998,257947.9957955439,27054.140497370972,12700.900471259198,5697.357028820536,70487.64503317022,11200.15353947039,8959.518167896877,9497.959563102106,29299.78983995572,9730.6492382151,13571.70356926149,6265.896641595027,6000.752259684346,22473.23277687357,32993.703603575836,10875.238462154906,6972.274941599092,7143.334251802362,35843.250996200935,29590.381102053987,11005.647309417467,13535.936571832417,6191.36886291024,9540.054962206643,7442.100953116982,11468.701667030533,5183.787152193839,11588.64510265589,25133.243085502603,16464.286580751388,40090.30994425564,27179.15156059673,5214.193224930968,10760.549952031595,24560.21849441294,5335.263242732897,13015.10112788096,14468.920633960734,12718.324633635686,42473.33312059908,8202.406580609635,5368.8316673653935,4384.109850773557,10191.494850513049,31591.040064933066,47845.93822381676,57089.500869675234,6146.186667000276,77658.01456287125,11823.339855257527
8136.772190576998,257947.9957955439,27054.140497370972,12700.900471259198,5697.357028820536,70487.64503317022,11200.15353947039,8959.518167896877,9249.676896987832,29299.78983995572,9034.268292206001,13571.70356926149,6265.896641595027,6000.752259684346,22473.23277687357,29838.51777132532,10875.238462154906,6972.274941599092,7143.334251802362,35843.250996200935,29590.381102053987,11005.647309417467,13535.936571832417,6191.36886291024,9540.054962206643,7442.100953116982,11468.701667030533,5183.787152193839,11588.64510265589,25133.243085502603,16464.286580751388,40090.30994425564,27179.15156059673,5214.193224930968,10760.549952031595,24560.21849441294,5335.263242732897,13015.10112788096,14468.920633960734,12718.324633635686,42473.33312059908,8202.406580609635,5368.8316673653935,4384.109850773557,8632.953670661402,31591.040064933066,47845.93822381676,10544.067916569493,5989.437419681638,77658.01456287125,11823.339855257527
8136.772190576998,257947.9957955439,23084.71596292364,12700.900471259198,5697.357028820536,70487.64503317022,11200.15353947039,8959.518167896877,7986.994827525623,29299.78983995572,9034.268292206001,13571.70356926149,6265.896641595027,6000.752259684346,22473.23277687357,29838.51777132532,10875.238462154906,6972.274941599092,7143.334251802362,35843.250996200935,29158.004106753408,11005.647309417467,13535.936571832417,5429.350706669242,9540.054962206643,7442.100953116982,11468.701667030533,5183.787152193839,11588.64510265589,25133.243085502603,16464.286580751388,40090.30994425564,27179.15156059673,5214.193224930968,10760.549952031595,24560.21849441294,5335.263242732897,13015.10112788096,12499.044847543651,12718.324633635686,42473.33312059908,8202.406580609635,5368.8316673653935,4384.109850773557,8632.953670661402,31591.040064933066,47845.93822381676,10544.067916569493,5989.437419681638,77658.01456287125,11823.339855257527
8136.772190576998,257947.9957955439,23084.71596292364,12700.900471259198,5697.357028820536,70487.64503317022,11200.15353947039,8959.518167896877,5291.14713795856,29299.78983995572,9034.268292206001,13571.70356926149,6265.896641595027,6000.752259684346,22473.23277687357,29838.51777132532,10875.238462154906,6972.274941599092,7143.334251802362,35843.250996200935,29158.004106753408,11005.647309417467,13535.936571832417,5429.350706669242,9540.054962206643,7442.100953116982,11080.24928415254,5183.787152193839,11588.64510265589,25133.243085502603,16464.286580751388,40090.30994425564,27179.15156059673,5214.193224930968,10760.549952031595,24560.21849441294,5335.263242732897,13015.10112788096,12499.044847543651,12718.324633635686,42473.33312059908,8202.406580609635,5368.8316673653935,4384.109850773557,8632.953670661402,31591.040064933066,47845.93822381676,10544.067916569493,5989.437419681638,77658.01456287125,11823.339855257527
8136.772190576998,221667.11714066396,23084.71596292364,12700.900471259198,5697.357028820536,70487.64503317022,11200.15353947039,8959.518167896877,5291.14713795856,29299.78983995572,9034.268292206001,10566.052403108255,6265.896641595027,6000.752259684346,22473.23277687357,29838.51777132532,10875.238462154906,6972.274941599092,7143.334251802362,35843.250996200935,29158.004106753408,11005.647309417467,13535.936571832417,5429.350706669242,9540.054962206643,7442.100953116982,10789.692312309802,5183.787152193839,8937.205174568388,25133.243085502603,16464.286580751388,40090.30994425564,27179.15156059673,5214.193224930968,10760.549952031595,24560.21849441294,5335.263242732897,13015.10112788096,12499.044847543651,12718.324633635686,42473.33312059908,8202.406580609635,5368.8316673653935,4384.109850773557,8632.953670661402,31591.040064933066,47845.93822381676,10544.067916569493,5989.437419681638,77658.01456287125,7434.28962328928
8136.772190576998,170565.43857243794,23084.71596292364,12700.900471259198,5697.357028820536,70487.64503317022,11200.15353947039,8959.518167896877,5291.14713795856,29299.78983995572,6679.827668413821,10566.052403108255,6232.426896887292,6000.752259684346,22473.23277687357,29838.51777132532,10875.238462154906,4774.424892327264,7143.334251802362,35843.250996200935,23407.467787809972,11005.647309417467,13535.936571832417,5429.350706669242,9540.054962206643,7442.100953116982,10789.692312309802,5183.787152193839,8937.205174568388,25133.243085502603,16464.286580751388,40090.30994425564,27179.15156059673,5214.193224930968,10760.549952031595,18687.713298133098,5335.263242732897,12165.59218429896,12499.044847543651,12718.324633635686,42473.33312059908,8202.406580609635,5368.8316673653935,4384.109850773557,6650.4052017746635,31591.040064933066,47845.93822381676,10544.067916569493,5989.437419681638,77658.01456287125,7434.28962328928
8136.772190576998,170565.43857243794,23084.71596292364,12700.900471259198,5697.357028820536,70487.64503317022,11200.15353947039,8959.518167896877,5291.14713795856,29299.78983995572,6679.827668413821,10566.052403108255,6232.426896887292,6000.752259684346,22473.23277687357,29838.51777132532,10875.238462154906,4774.424892327264,7143.334251802362,35843.250996200935,23407.467787809972,10971.357593718307,13535.936571832417,5429.350706669242,9540.054962206643,7442.100953116982,10789.692312309802,5183.787152193839,8937.205174568388,25133.243085502603,16464.286580751388,40090.30994425564,27179.15156059673,5214.193224930968,10760.549952031595,16823.81686953107,5335.263242732897,12165.59218429896,12499.044847543651,12718.324633635686,42473.33312059908,8202.406580609635,5368.8316673653935,4384.109850773557,6650.4052017746635,31591.040064933066,47845.93822381676,10544.067916569493,5477.860448598389,77658.01456287125,7434.28962328928
8136.772190576998,170565.43857243794,23084.71596292364,12700.900471259198,5697.357028820536,70487.64503317022,7823.1958547029535,8959.518167896877,5291.14713795856,29299.78983995572,6679.827668413821,10566.052403108255,6232.426896887292,6000.752259684346,22235.287584212074,29838.51777132532,10875.238462154906,4774.424892327264,7143.334251802362,35843.250996200935,23407.467787809972,10076.334793797074,13535.936571832417,4696.721186235285,9540.054962206643,7442.100953116982,10789.692312309802,5183.787152193839,8937.205174568388,25133.243085502603,16464.286580751388,40090.30994425564,27179.15156059673,5214.193224930968,10760.549952031595,16823.81686953107,5335.263242732897,12165.59218429896,12499.044847543651,12718.324633635686,42473.33312059908,8202.406580609635,5368.8316673653935,4384.109850773557,6650.4052017746635,31591.040064933066,47845.93822381676,10544.067916569493,5477.860448598389,77658.01456287125,7434.28962328928
8136.772190576998,139282.1569543718,23084.71596292364,12700.900471259198,5697.357028820536,70487.64503317022,7823.1958547029535,8959.518167896877,5291.14713795856,29299.78983995572,6679.827668413821,10566.052403108255,6232.426896887292,6000.752259684346,22235.287584212074,29838.51777132532,10875.238462154906,4774.424892327264,7143.334251802362,35843.250996200935,23407.467787809972,10076.334793797074,13535.936571832417,4696.721186235285,9540.054962206643,7442.100953116982,10789.692312309802,5183.629953774915,8937.205174568388,25133.243085502603,16464.286580751388,40090.30994425564,27179.15156059673,5214.193224930968,10760.549952031595,16823.81686953107,5335.263242732897,12165.59218429896,12499.044847543651,12718.324633635686,42473.33312059908,8202.406580609635,5368.8316673653935,4384.109850773557,6650.4052017746635,31591.040064933066,47845.93822381676,10544.067916569493,5477.860448598389,77658.01456287125,5892.763007394957
8136.772190576998,139282.1569543718,23084.71596292364,12700.900471259198,5697.357028820536,70487.64503317022,7823.1958547029535,8959.518167896877,5291.14713795856,29299.78983995572,6679.827668413821,10566.052403108255,6232.426896887292,6000.752259684346,22235.287584212074,29838.51777132532,10875.238462154906,4774.424892327264,6996.101168328964,35843.250996200935,23407.467787809972,10076.334793797074,13535.936571832417,4696.721186235285,9540.054962206643,7442.100953116982,10789.692312309802,5183.629953774915,6328.811329624055,25133.243085502603,16464.286580751388,40090.30994425564,27179.15156059673,5214.193224930968,10760.549952031595,16823.81686953107,5335.263242732897,12165.59218429896,12499.044847543651,12718.324633635686,42473.33312059908,8202.406580609635,5368.8316673653935,4384.109850773557,6650.4052017746635,31591.040064933066,47845.93822381676,10544.067916569493,5477.860448598389,77658.01456287125,5892.763007394957
8136.772190576998,139282.1569543718,23084.71596292364,12700.900471259198,5697.357028820536,70487.64503317022,7823.1958547029535,8959.518167896877,5291.14713795856,29299.78983995572,6679.827668413821,10566.052403108255,6232.426896887292,6000.752259684346,22235.287584212074,29838.51777132532,10875.238462154906,4774.424892327264,6996.101168328964,35843.250996200935,23407.467787809972,10076.334793797074,13535.936571832417,4696.721186235285,9540.054962206643,7442.100953116982,6177.600815887209,5183.629953774915,6328.811329624055,25133.243085502603,16464.286580751388,40090.30994425564,12954.520409738741,5214.193224930968,10760.549952031595,16823.81686953107,5335.263242732897,12165.59218429896,12499.044847543651,12718.324633635686,42473.33312059908,8202.406580609635,5368.8316673653935,4384.109850773557,6650.4052017746635,31591.040064933066,47845.93822381676,10544.067916569493,5477.860448598389,77658.01456287125,5892.763007394957
8136.772190576998,139282.1569543718,23084.71596292364,12700.900471259198,5697.357028820536,70487.64503317022,7823.1958547029535,8959.518167896877,5291.14713795856,29299.78983995572,6679.827668413821,10566.052403108255,6232.426896887292,6000.752259684346,22235.287584212074,26011.2657687781,7311.033538673515,4772.437833583603,5940.959010121949,35843.250996200935,23407.467787809972,8336.740368068251,13535.936571832417,4696.721186235285,9540.054962206643,7442.100953116982,6177.600815887209,5183.629953774915,6328.811329624055,25133.243085502603,16464.286580751388,40090.30994425564,12954.520409738741,5214.193224930968,8402.735677741239,16823.81686953107,5335.263242732897,12165.59218429896,12499.044847543651,12718.324633635686,42473.33312059908,8202.406580609635,5368.8316673653935,4384.109850773557,6650.4052017746635,31591.040064933066,47845.93822381676,10544.067916569493,5477.860448598389,77658.01456287125,5404.579171057134
8136.772190576998,139282.1569543718,23084.71596292364,12700.900471259198,5697.357028820536,70487.64503317022,7823.1958547029535,8959.518167896877,5291.14713795856,29299.78983995572,6679.827668413821,9989.623419239048,6232.426896887292,6000.752259684346,22235.287584212074,26011.2657687781,7237.080758802502,4772.437833583603,5940.959010121949,35843.250996200935,23407.467787809972,8336.740368068251,13535.936571832417,4696.721186235285,6343.532339156609,7442.100953116982,6177.600815887209,5183.629953774915,6328.811329624055,25133.243085502603,16464.286580751388,40090.30994425564,12954.520409738741,5214.193224930968,8402.735677741239,16823.81686953107,5335.263242732897,12165.59218429896,12499.044847543651,12718.324633635686,42473.33312059908,8202.406580609635,5368.8316673653935,4384.109850773557,6650.4052017746635,31591.040064933066,47845.93822381676,10544.067916569493,5477.860448598389,77658.01456287125,5404.579171057134
8136.772190576998,139282.1569543718,23084.71596292364,12700.900471259198,5697.357028820536,70487.64503317022,7823.1958547029535,8959.518167896877,5291.14713795856,29299.78983995572,6679.827668413821,9989.623419239048,6232.426896887292,6000.752259684346,22235.287584212074,26011.2657687781,7237.080758802502,4772.437833583603,5940.959010121949,35843.250996200935,23407.467787809972,8336.740368068251,13535.936571832417,4696.721186235285,6343.532339156609,7442.100953116982,6177.600815887209,5183.629953774915,6328.811329624055,25133.243085502603,16464.286580751388,40090.30994425564,12954.520409738741,5214.193224930968,8402.735677741239,15549.779993484713,5335.263242732897,12165.59218429896,12499.044847543651,12718.324633635686,42473.33312059908,8202.406580609635,5368.8316673653935,4384.109850773557,6650.4052017746635,31591.040064933066,47845.93822381676,10544.067916569493,5477.860448598389,77658.01456287125,5404.579171057134
8136.772190576998,139282.1569543718,23084.71596292364,12700.900471259198,5697.357028820536,70487.64503317022,7193.004253353053,8959.518167896877,5291.14713795856,29299.78983995572,6679.827668413821,9989.623419239048,6232.426896887292,6000.752259684346,22235.287584212074,25334.47026649511,7237.080758802502,4772.437833583603,5940.959010121949,35843.250996200935,23407.467787809972,8336.740368068251,13535.936571832417,4696.721186235285,6343.532339156609,7442.100953116982,6177.600815887209,5183.629953774915,6328.811329624055,25133.243085502603,16464.286580751388,37639.58727580374,12954.520409738741,5214.193224930968,8402.735677741239,15549.779993484713,5335.263242732897,12165.59218429896,12499.044847543651,12718.324633635686,42473.33312059908,8202.406580609635,5368.8316673653935,4384.109850773557,6650.4052017746635,31591.040064933066,47845.93822381676,10544.067916569493,5477.860448598389,77658.01456287125,5404.579171057134
8136.772190576998,139282.1569543718,23084.71596292364,12700.900471259198,5697.357028820536,70487.64503317022,7193.004253353053,8959.518167896877,5291.14713795856,29299.78983995572,6679.827668413821,9989.623419239048,6228.583628263488,6000.752259684346,22235.287584212074,25334.47026649511,7237.080758802502,4772.437833583603,5940.959010121949,35843.250996200935,23407.467787809972,8336.740368068251,13535.936571832417,4696.721186235285,6343.532339156609,7442.100953116982,6177.600815887209,5183.629953774915,6328.811329624055,25133.243085502603,16464.286580751388,37639.58727580374,12954.520409738741,5214.193224930968,8402.735677741239,15549.779993484713,5335.263242732897,12165.59218429896,12499.044847543651,12718.324633635686,42473.33312059908,8202.406580609635,5368.8316673653935,4384.109850773557,6650.4052017746635,31591.040064933066,47845.93822381676,10544.067916569493,5477.860448598389,77658.01456287125,5404.579171057134
8136.772190576998,113995.70443567268,23084.71596292364,12700.900471259198,5697.357028820536,70487.64503317022,5919.812698483036,8959.518167896877,5291.14713795856,29299.78983995572,6679.827668413821,9989.623419239048,6228.583628263488,6000.752259684346,22235.287584212074,25334.47026649511,7237.080758802502,4772.437833583603,5940.959010121949,35843.250996200935,23407.467787809972,8336.740368068251,13083.309734698343,4696.721186235285,6343.532339156609,7442.100953116982,6062.651496436254,5183.629953774915,6328.811329624055,25133.243085502603,16464.286580751388,37639.58727580374,5610.863796158468,5214.193224930968,8402.735677741239,15549.779993484713,5335.263242732897,12165.59218429896,12499.044847543651,12718.324633635686,42473.33312059908,8202.406580609635,5368.8316673653935,4384.109850773557,6650.4052017746635,31591.040064933066,47845.93822381676,10544.067916569493,5477.860448598389,77658.01456287125,5404.579171057134
8136.772190576998,113976.43608740131,23084.71596292364,12700.900471259198,5603.699387794482,70487.64503317022,5919.812698483036,8959.518167896877,5291.14713795856,29299.78983995572,6679.827668413821,9989.623419239048,6228.583628263488,6000.752259684346,22235.287584212074,25334.47026649511,7237.080758802502,4772.437833583603,5940.959010121949,35843.250996200935,23407.467787809972,8336.740368068251,12644.169994877015,4696.721186235285,6343.532339156609,7442.100953116982,5945.345052850582,5183.629953774915,6328.811329624055,25133.243085502603,16464.286580751388,37639.58727580374,5610.863796158468,5214.193224930968,8402.735677741239,15549.779993484713,5335.263242732897,12165.59218429896,12499.044847543651,12718.324633635686,42473.33312059908,8202.406580609635,5368.8316673653935,4384.109850773557,6650.4052017746635,31591.040064933066,47845.93822381676,10544.067916569493,5477.860448598389,77658.01456287125,5404.579171057134
8136.772190576998,113976.43608740131,23084.71596292364,12700.900471259198,5603.699387794482,56437.35516744601,5919.812698483036,8959.518167896877,5291.14713795856,29299.78983995572,6679.827668413821,9989.623419239048,6228.583628263488,6000.752259684346,22235.287584212074,25334.47026649511,6809.515979181531,4772.437833583603,5844.115854505672,35843.250996200935,14777.05367801554,8336.740368068251,12644.169994877015,4696.721186235285,6343.532339156609,7442.100953116982,5945.345052850582,5183.629953774915,6328.811329624055,25133.243085502603,16464.286580751388,35534.22398652875,5610.863796158468,5214.193224930968,8402.735677741239,15549.779993484713,5335.263242732897,12165.59218429896,12499.044847543651,12718.324633635686,42473.33312059908,8202.406580609635,5368.8316673653935,4384.109850773557,6650.4052017746635,31591.040064933066,47845.93822381676,10544.067916569493,5477.860448598389,77658.01456287125,5404.579171057134
8136.772190576998,113976.43608740131,23084.71596292364,12700.900471259198,5603.699387794482,56437.35516744601,5919.812698483036,8959.518167896877,5291.14713795856,25323.625971157097,6679.827668413821,9989.623419239048,6228.583628263488,5754.007703423276,22235.287584212074,25334.47026649511,6809.515979181531,4772.437833583603,5631.593947297213,28704.32934039772,13023.7122881912,8336.740368068251,12644.169994877015,4696.721186235285,6343.532339156609,7442.100953116982,5945.345052850582,5183.629953774915,6154.378726886534,25133.243085502603,16464.286580751388,35534.22398652875,5610.863796158468,5214.193224930968,8402.735677741239,15549.779993484713,5335.263242732897,12165.59218429896,12499.044847543651,12718.324633635686,42473.33312059908,8202.406580609635,5368.8316673653935,4384.109850773557,6650.4052017746635,31591.040064933066,47845.93822381676,10544.067916569493,5477.860448598389,77658.01456287125,5404.579171057134
8136.772190576998,113976.43608740131,23084.71596292364,12700.900471259198,5267.78118666685,56437.35516744601,5919.812698483036,8959.518167896877,5291.14713795856,25323.625971157097,6679.827668413821,9989.623419239048,6228.583628263488,5754.007703423276,22235.287584212074,25334.47026649511,6809.515979181531,4772.437833583603,5631.593947297213,28704.32934039772,13023.7122881912,8336.740368068251,12644.169994877015,4591.3319907611385,6343.532339156609,7442.100953116982,5945.345052850582,4973.312941267526,6154.378726886534,25133.243085502603,16464.286580751388,35534.22398652875,5610.863796158468,5214.193224930968,8402.735677741239,15549.779993484713,5335.263242732897,12165.59218429896,12499.044847543651,12718.324633635686,42473.33312059908,8202.406580609635,5368.8316673653935,4384.109850773557,6650.4052017746635,31591.040064933066,47845.93822381676,10544.067916569493,5477.860448598389,77658.01456287125,5404.579171057134
6277.171832658632,113976.43608740131,23084.71596292364,12700.900471259198,5255.925956092592,26434.263654625935,5649.399194431398,8959.518167896877,5291.14713795856,25323.625971157097,5615.648208163971,9989.623419239048,5079.127827593893,5754.007703423276,22235.287584212074,25334.47026649511,6809.515979181531,4772.437833583603,5631.593947297213,28704.32934039772,13023.7122881912,8336.740368068251,12644.169994877015,4591.3319907611385,6343.532339156609,7442.100953116982,5945.345052850582,4973.312941267526,6154.378726886534,25133.243085502603,7867.719280573877,32822.71140869241,5610.863796158468,5214.193224930968,8402.735677741239,15549.779993484713,5335.263242732897,12165.59218429896,12499.044847543651,12718.324633635686,42473.33312059908,8202.406580609635,5368.8316673653935,4384.109850773557,6650.4052017746635,31591.040064933066,47845.93822381676,10544.067916569493,5477.860448598389,77658.01456287125,5404.579171057134
6277.171832658632,113976.43608740131,23084.71596292364,12700.900471259198,5255.925956092592,26434.263654625935,5649.399194431398,8959.518167896877,5054.584082465322,23294.05145120735,5615.648208163971,9989.623419239048,5079.127827593893,5754.007703423276,22235.287584212074,25334.47026649511,6809.515979181531,4772.437833583603,5631.593947297213,28704.32934039772,13023.7122881912,8336.740368068251,12644.169994877015,4591.3319907611385,6343.532339156609,7442.100953116982,5945.345052850582,4973.312941267526,6154.378726886534,25133.243085502603,7867.719280573877,32822.71140869241,5264.5032111621495,5214.193224930968,8402.735677741239,15549.779993484713,5101.56250834725,12131.529620400614,12499.044847543651,9765.195215093212,42473.33312059908,8202.406580609635,5302.822045848312,4384.109850773557,6650.4052017746635,31591.040064933066,47845.93822381676,10544.067916569493,5477.860448598389,77658.01456287125,5404.579171057134
6277.171832658632,113976.43608740131,23084.71596292364,12700.900471259198,5255.925956092592,26434.263654625935,5649.399194431398,8959.518167896877,5054.584082465322,23294.05145120735,5615.648208163971,9989.623419239048,5079.127827593893,5754.007703423276,22235.287584212074,25334.47026649511,6809.515979181531,4772.437833583603,5631.593947297213,28704.32934039772,13023.7122881912,8336.740368068251,12644.169994877015,4591.3319907611385,6343.532339156609,7442.100953116982,5822.633878371617,4841.779356990164,6154.378726886534,25133.243085502603,7867.719280573877,32822.71140869241,5264.5032111621495,5214.193224930968,8402.735677741239,15549.779993484713,5101.56250834725,12131.529620400614,12293.071702492472,9765.195215093212,42473.33312059908,8202.406580609635,5302.822045848312,4384.109850773557,6650.4052017746635,31591.040064933066,19801.791126555523,10544.067916569493,5477.860448598389,68890.97205407881,5404.579171057134
4306.893182174962,111716.57542059218,20495.37924696291,12700.900471259198,5255.925956092592,26434.263654625935,5649.399194431398,8959.518167896877,5054.584082465322,23294.05145120735,5615.648208163971,9671.33557842784,5079.127827593893,5754.007703423276,19099.187259910505,25334.47026649511,6809.515979181531,4772.437833583603,5631.593947297213,28704.32934039772,13023.7122881912,8336.740368068251,11032.119117572292,4591.3319907611385,6343.532339156609,7442.100953116982,5822.633878371617,4841.779356990164,6154.378726886534,25133.243085502603,7867.719280573877,32822.71140869241,5264.5032111621495,5214.193224930968,8402.735677741239,15549.779993484713,5101.56250834725,12131.529620400614,12293.071702492472,9765.195215093212,42473.33312059908,8202.406580609635,5302.822045848312,4384.109850773557,6650.4052017746635,31591.040064933066,19801.791126555523,10544.067916569493,5477.860448598389,68890.97205407881,5404.579171057134
4306.893182174962,111716.57542059218,20495.37924696291,12700.900471259198,5255.925956092592,26434.263654625935,5649.399194431398,8959.518167896877,5054.584082465322,23294.05145120735,5615.648208163971,9671.33557842784,5079.127827593893,5754.007703423276,19099.187259910505,25334.47026649511,6809.515979181531,4772.437833583603,5631.593947297213,28704.32934039772,13023.7122881912,8336.740368068251,11032.119117572292,4591.3319907611385,6343.532339156609,7442.100953116982,5822.633878371617,4841.779356990164,6154.378726886534,25133.243085502603,7867.719280573877,32822.71140869241,5264.5032111621495,5214.193224930968,6567.817269895984,15549.779993484713,5101.56250834725,12131.529620400614,12293.071702492472,9765.195215093212,42473.33312059908,8202.406580609635,5302.822045848312,4384.109850773557,6650.4052017746635,31591.040064933066,19801.791126555523,10544.067916569493,5477.860448598389,68890.97205407881,5404.579171057134
4306.893182174962,111716.57542059218,20495.37924696291,12084.275096241317,5255.925956092592,26434.263654625935,5649.399194431398,8959.518167896877,5054.584082465322,23294.05145120735,5615.648208163971,5639.62558326422,5079.127827593893,5754.007703423276,19099.187259910505,25334.47026649511,6809.515979181531,4772.437833583603,5631.593947297213,28704.32934039772,13023.7122881912,8336.740368068251,9454.064290384722,4591.3319907611385,6343.532339156609,7442.100953116982,5526.422091929766,4841.779356990164,6154.378726886534,25133.243085502603,7867.719280573877,32090.436140529506,5264.5032111621495,4842.767690706507,6567.817269895984,15549.779993484713,5101.56250834725,12093.509110071209,11984.013792046087,9765.195215093212,42473.33312059908,8202.406580609635,5302.822045848312,4384.109850773557,6650.4052017746635,31591.040064933066,19801.791126555523,10544.067916569493,5477.860448598389,68890.97205407881,5110.851096941258
4306.893182174962,111716.57542059218,19118.7831367489,12084.275096241317,5255.925956092592,26434.263654625935,5649.399194431398,8959.518167896877,5054.584082465322,23294.05145120735,4813.014624054096,5639.62558326422,5079.127827593893,5692.843564031238,19099.187259910505,25334.47026649511,6809.515979181531,4772.437833583603,5631.593947297213,28704.32934039772,13023.7122881912,8336.740368068251,9454.064290384722,4591.3319907611385,6343.532339156609,7442.100953116982,5526.422091929766,4841.779356990164,6154.378726886534,25133.243085502603,7867.719280573877,32090.436140529506,5264.5032111621495,4842.767690706507,6567.817269895984,15549.779993484713,5101.56250834725,12036.231522980966,11984.013792046087,9765.195215093212,42473.33312059908,8202.406580609635,5302.822045848312,4384.109850773557,6650.4052017746635,31591.040064933066,19801.791126555523,10544.067916569493,5477.860448598389,34095.230709285664,5110.851096941258
4306.893182174962,48773.84158979124,17867.02165893007,12084.275096241317,5255.925956092592,26434.263654625935,5649.399194431398,8959.518167896877,5054.584082465322,16261.081101043048,4813.014624054096,5639.62558326422,5079.127827593893,5692.843564031238,19099.187259910505,25334.47026649511,6809.515979181531,4772.437833583603,5631.593947297213,28704.32934039772,11079.092882623969,8336.740368068251,9454.064290384722,4591.3319907611385,6343.532339156609,7442.100953116982,5450.876332943706,4841.779356990164,6154.378726886534,25133.243085502603,7867.719280573877,32090.436140529506,5264.5032111621495,4842.767690706507,6567.817269895984,15549.779993484713,5101.56250834725,12036.231522980966,11984.013792046087,9765.195215093212,42473.33312059908,8202.406580609635,5302.822045848312,4384.109850773557,6650.4052017746635,31591.040064933066,19801.791126555523,10544.067916569493,4936.265420339985,34095.230709285664,5110.851096941258
4306.893182174962,48773.84158979124,17330.13684953074,12084.275096241317,5255.925956092592,26434.263654625935,5649.399194431398,8959.518167896877,5054.584082465322,12550.21423770461,4813.014624054096,5639.62558326422,5079.127827593893,5692.843564031238,19099.187259910505,24865.702815768,6809.515979181531,4772.437833583603,5583.484307178786,28704.32934039772,11079.092882623969,8336.740368068251,9454.064290384722,4591.3319907611385,6343.532339156609,7442.100953116982,5450.876332943706,4841.779356990164,6154.378726886534,25133.243085502603,7867.719280573877,32090.436140529506,5264.5032111621495,4842.767690706507,6567.817269895984,15549.779993484713,5101.56250834725,12036.231522980966,11984.013792046087,9765.195215093212,28338.499078978908,8202.406580609635,5302.822045848312,4384.109850773557,6650.4052017746635,31591.040064933066,7744.410466500975,10544.067916569493,4936.265420339985,34095.230709285664,5110.851096941258
4306.893182174962,48773.84158979124,17330.13684953074,7572.502116226354,5255.925956092592,26434.263654625935,5649.399194431398,8959.518167896877,5054.584082465322,12550.21423770461,4813.014624054096,5639.62558326422,5079.127827593893,5692.843564031238,19099.187259910505,24865.702815768,6809.515979181531,4772.437833583603,5583.484307178786,28704.32934039772,11079.092882623969,8336.740368068251,9454.064290384722,4584.494764488724,6343.532339156609,7442.100953116982,5450.876332943706,4841.779356990164,5490.2817523407475,25133.243085502603,7867.719280573877,32090.436140529506,5264.5032111621495,4842.767690706507,6567.817269895984,15549.779993484713,5101.56250834725,12036.231522980966,11984.013792046087,9765.195215093212,28338.499078978908,8202.406580609635,5302.822045848312,4384.109850773557,6650.4052017746635,31591.040064933066,7744.410466500975,10544.067916569493,4936.265420339985,34095.230709285664,5110.851096941258
4306.893182174962,48773.84158979124,17330.13684953074,7572.502116226354,5255.925956092592,26434.263654625935,5649.399194431398,8959.518167896877,5054.584082465322,12550.21423770461,4813.014624054096,5639.62558326422,5079.127827593893,5692.843564031238,19099.187259910505,23521.8591470962,6809.515979181531,4772.437833583603,5479.405997485415,28704.32934039772,11079.092882623969,8336.740368068251,9454.064290384722,4584.494764488724,6343.532339156609,7442.100953116982,5087.452960087572,4824.148136862056,5490.2817523407475,25133.243085502603,7867.719280573877,32090.436140529506,5264.5032111621495,4842.767690706507,6567.817269895984,15549.779993484713,5101.56250834725,11764.871904728752,11984.013792046087,9765.195215093212,28338.499078978908,8202.406580609635,5302.822045848312,4384.109850773557,6650.4052017746635,31591.040064933066,7744.410466500975,9977.066271715235,4936.265420339985,34095.230709285664,5110.851096941258
4306.893182174962,48773.84158979124,17330.13684953074,7572.502116226354,5255.925956092592,26434.263654625935,5649.399194431398,8959.518167896877,5054.584082465322,12550.21423770461,4813.014624054096,5639.62558326422,5079.127827593893,5692.843564031238,19099.187259910505,23521.8591470962,6809.515979181531,4772.437833583603,5479.405997485415,28704.32934039772,7184.510297614763,8336.740368068251,9454.064290384722,4584.494764488724,6343.532339156609,7442.100953116982,5087.452960087572,4515.142123130119,5490.2817523407475,25133.243085502603,7867.719280573877,32090.436140529506,5264.5032111621495,4842.767690706507,6567.817269895984,14468.89724109717,5101.56250834725,11764.871904728752,11984.013792046087,9765.195215093212,28338.499078978908,8202.406580609635,5302.822045848312,4384.109850773557,6650.4052017746635,31591.040064933066,7744.410466500975,9977.066271715235,4936.265420339985,34095.230709285664,5110.851096941258
4306.893182174962,48773.84158979124,17330.13684953074,7572.502116226354,5255.925956092592,26434.263654625935,5366.204602869384,6623.325311509107,5054.584082465322,12550.21423770461,4813.014624054096,5639.62558326422,5079.127827593893,5070.720088547248,19099.187259910505,23521.8591470962,6809.515979181531,4772.437833583603,4757.4529818377205,28704.32934039772,7184.510297614763,8336.740368068251,9454.064290384722,4584.494764488724,6343.532339156609,7442.100953116982,5087.452960087572,4515.142123130119,5490.2817523407475,25133.243085502603,7867.719280573877,32090.436140529506,5264.5032111621495,4842.767690706507,4616.336995458576,14468.89724109717,5101.56250834725,11764.871904728752,11984.013792046087,9765.195215093212,28338.499078978908,8202.406580609635,5302.822045848312,4384.109850773557,6650.4052017746635,31591.040064933066,7744.410466500975,9977.066271715235,4936.265420339985,34095.230709285664,5110.851096941258
4306.893182174962,48773.84158979124,17330.13684953074,7572.502116226354,5255.925956092592,26434.263654625935,5366.204602869384,6623.325311509107,5054.584082465322,12550.21423770461,4813.014624054096,5639.62558326422,5079.127827593893,5070.720088547248,19099.187259910505,23521.8591470962,6809.515979181531,4772.437833583603,4757.4529818377205,28704.32934039772,7184.510297614763,8336.740368068251,9454.064290384722,4584.494764488724,6343.532339156609,7442.100953116982,5087.452960087572,4515.142123130119,5490.2817523407475,25133.243085502603,7867.719280573877,32090.436140529506,5264.5032111621495,4842.767690706507,4616.336995458576,14468.89724109717,5101.56250834725,11759.403046937525,11984.013792046087,9765.195215093212,28338.499078978908,8202.406580609635,5302.822045848312,4384.109850773557,6650.4052017746635,31591.040064933066,7744.410466500975,9977.066271715235,4936.265420339985,34095.230709285664,5110.851096941258
4306.893182174962,48773.84158979124,17330.13684953074,7572.502116226354,5255.925956092592,26434.263654625935,5366.204602869384,6623.325311509107,5054.584082465322,12550.21423770461,4813.014624054096,5639.62558326422,5079.127827593893,5070.720088547248,19099.187259910505,22400.393799641108,6809.515979181531,4772.437833583603,4757.4529818377205,28704.32934039772,7184.510297614763,8336.740368068251,9454.064290384722,4584.494764488724,6343.532339156609,7442.100953116982,5087.452960087572,4515.142123130119,5490.2817523407475,25133.243085502603,7867.719280573877,32090.436140529506,5264.5032111621495,4842.767690706507,4616.336995458576,13815.62626083415,5101.56250834725,11759.403046937525,11984.013792046087,9765.195215093212,28338.499078978908,8202.406580609635,5302.822045848312,4384.109850773557,6650.4052017746635,31591.040064933066,7744.410466500975,9977.066271715235,4936.265420339985,34095.230709285664,5110.851096941258
4306.893182174962,48773.84158979124,17330.13684953074,7572.502116226354,5160.589495689119,26434.263654625935,5366.204602869384,6623.325311509107,4867.587121769127,12550.21423770461,4813.014624054096,5639.62558326422,5079.127827593893,5070.720088547248,19099.187259910505,22400.393799641108,6809.515979181531,4772.437833583603,4757.4529818377205,28704.32934039772,6601.3426084654075,8336.740368068251,9454.064290384722,4584.494764488724,6343.532339156609,7442.100953116982,5087.452960087572,4515.142123130119,5490.2817523407475,25133.243085502603,7867.719280573877,32090.436140529506,5264.5032111621495,4842.767690706507,4616.336995458576,11768.78997785792,5101.56250834725,11759.403046937525,11984.013792046087,9765.195215093212,28338.499078978908,7186.382481643785,5302.822045848312,4384.109850773557,6650.4052017746635,31591.040064933066,7744.410466500975,9977.066271715235,4936.265420339985,34095.230709285664,5110.851096941258
4306.893182174962,48773.84158979124,17330.13684953074,7572.502116226354,5160.589495689119,26434.263654625935,4307.668605545339,6623.325311509107,4867.587121769127,12550.21423770461,4813.014624054096,5639.62558326422,5079.127827593893,5070.720088547248,19099.187259910505,22400.393799641108,6809.515979181531,4772.437833583603,4757.4529818377205,28704.32934039772,6601.3426084654075,8336.740368068251,9454.064290384722,4584.494764488724,6343.532339156609,7442.100953116982,5087.452960087572,4515.142123130119,5490.2817523407475,25133.243085502603,7867.719280573877,32090.436140529506,5264.5032111621495,4842.767690706507,4616.336995458576,11768.78997785792,5101.56250834725,11759.403046937525,11984.013792046087,9765.195215093212,28338.499078978908,7186.382481643785,5302.822045848312,4384.109850773557,6650.4052017746635,31591.040064933066,7744.410466500975,9977.066271715235,4936.265420339985,34095.230709285664,5110.851096941258
4306.893182174962,48773.84158979124,7774.0183531819,7572.502116226354,5046.571662827496,26434.263654625935,4307.668605545339,6623.325311509107,4867.587121769127,12550.21423770461,4813.014624054096,5639.62558326422,5079.127827593893,5070.720088547248,19099.187259910505,22400.393799641108,6809.515979181531,4772.437833583603,4757.4529818377205,28704.32934039772,6601.3426084654075,8336.740368068251,9454.064290384722,4584.494764488724,6343.532339156609,7442.100953116982,5087.452960087572,4515.142123130119,5490.2817523407475,20080.542587148746,7867.719280573877,15971.883729855608,5264.5032111621495,4842.767690706507,4616.336995458576,11768.78997785792,5101.56250834725,11759.403046937525,11984.013792046087,9765.195215093212,28338.499078978908,7186.382481643785,5302.822045848312,4384.109850773557,6650.4052017746635,31591.040064933066,7744.410466500975,7481.72656487468,4936.265420339985,34095.230709285664,5110.851096941258
4306.893182174962,48773.84158979124,7774.0183531819,7572.502116226354,5046.571662827496,26434.263654625935,4307.668605545339,6623.325311509107,4867.587121769127,12550.21423770461,4813.014624054096,5639.62558326422,5079.127827593893,5070.720088547248,19099.187259910505,22137.968066473397,6809.515979181531,4772.437833583603,4757.4529818377205,28704.32934039772,6601.3426084654075,8336.740368068251,9454.064290384722,4584.494764488724,6343.532339156609,7442.100953116982,4964.487338655362,4515.142123130119,5490.2817523407475,20080.542587148746,7867.719280573877,15971.883729855608,5264.5032111621495,4842.767690706507,4616.336995458576,11768.78997785792,5101.56250834725,11759.403046937525,11984.013792046087,9765.195215093212,28338.499078978908,7186.382481643785,5302.822045848312,4384.109850773557,6650.4052017746635,31591.040064933066,7744.410466500975,7481.72656487468,4936.265420339985,34095.230709285664,5110.851096941258
4306.893182174962,48773.84158979124,7774.0183531819,7572.502116226354,5046.571662827496,26434.263654625935,4307.668605545339,6623.325311509107,4867.587121769127,12550.21423770461,4813.014624054096,5639.62558326422,5079.127827593893,4608.016243211881,19099.187259910505,22137.968066473397,6809.515979181531,4772.437833583603,4757.4529818377205,25250.146676452852,6601.3426084654075,8336.740368068251,9454.064290384722,4584.494764488724,6343.532339156609,7442.100953116982,4964.487338655362,4515.142123130119,5490.2817523407475,20080.542587148746,7867.719280573877,15971.883729855608,5264.5032111621495,4842.767690706507,4616.336995458576,11768.78997785792,5101.56250834725,11759.403046937525,11984.013792046087,9765.195215093212,28338.499078978908,7186.382481643785,5302.822045848312,4384.109850773557,6650.4052017746635,31591.040064933066,7744.410466500975,7481.72656487468,4936.265420339985,34095.230709285664,5110.851096941258
4306.893182174962,48773.84158979124,7774.0183531819,7572.502116226354,5046.571662827496,26434.263654625935,4307.668605545339,6623.325311509107,4867.587121769127,12550.21423770461,4750.232619803179,5469.374903154885,5079.127827593893,4608.016243211881,19099.187259910505,22137.968066473397,6809.515979181531,4772.437833583603,4757.4529818377205,25250.146676452852,6048.828890406129,7621.468938983061,9454.064290384722,4584.494764488724,6343.532339156609,7442.100953116982,4964.487338655362,4515.142123130119,5490.2817523407475,18815.625786301258,7867.719280573877,15971.883729855608,5264.5032111621495,4842.767690706507,4616.336995458576,11768.78997785792,5101.56250834725,11726.694661316247,11984.013792046087,8244.184509375309,28338.499078978908,7186.382481643785,5302.822045848312,4384.109850773557,6265.064099128321,31591.040064933066,7744.410466500975,7126.6575257760815,4936.265420339985,34095.230709285664,5110.851096941258
4306.893182174962,48773.84158979124,7774.0183531819,7572.502116226354,5046.571662827496,26434.263654625935,4307.668605545339,6623.325311509107,4867.587121769127,11392.945058676209,4750.232619803179,5469.374903154885,4955.992669810751,4608.016243211881,19099.187259910505,22137.968066473397,6809.515979181531,4769.660761844583,4757.4529818377205,25250.146676452852,6048.828890406129,7621.468938983061,5975.961377948888,4584.494764488724,6343.532339156609,7442.100953116982,4964.487338655362,4515.142123130119,5490.2817523407475,18815.625786301258,7867.719280573877,15971.883729855608,5264.5032111621495,4842.767690706507,4616.336995458576,11768.78997785792,4890.425313125565,11726.694661316247,11984.013792046087,8244.184509375309,28338.499078978908,7186.382481643785,5302.822045848312,4384.109850773557,6265.064099128321,31591.040064933066,7744.410466500975,7126.6575257760815,4936.265420339985,34095.230709285664,5100.568631144191
4306.893182174962,48773.84158979124,7774.0183531819,7572.502116226354,5046.571662827496,26434.263654625935,4307.668605545339,6623.325311509107,4867.587121769127,11392.945058676209,4750.232619803179,5469.374903154885,4955.992669810751,4608.016243211881,19099.187259910505,22137.968066473397,6809.515979181531,4769.660761844583,4757.4529818377205,19307.401920897282,6048.828890406129,7280.992708115557,5975.961377948888,4584.494764488724,6343.532339156609,7442.100953116982,4964.487338655362,4515.142123130119,5490.2817523407475,18815.625786301258,7867.719280573877,15971.883729855608,5264.5032111621495,4842.767690706507,4616.336995458576,11768.78997785792,4890.425313125565,11726.694661316247,11984.013792046087,8244.184509375309,28338.499078978908,7186.382481643785,5302.822045848312,4384.109850773557,6217.798002308235,31591.040064933066,7744.410466500975,7126.6575257760815,4936.265420339985,34095.230709285664,5100.568631144191
4306.893182174962,48773.84158979124,7774.0183531819,7572.502116226354,5046.571662827496,26434.263654625935,4307.668605545339,6623.325311509107,4867.587121769127,11392.945058676209,4750.232619803179,5054.952949181202,4955.992669810751,4608.016243211881,19099.187259910505,17852.637473646646,6809.515979181531,4769.660761844583,4757.4529818377205,19307.401920897282,6048.828890406129,7280.992708115557,5975.961377948888,4584.494764488724,6343.532339156609,7442.100953116982,4964.487338655362,4515.142123130119,5490.2817523407475,18815.625786301258,7867.719280573877,15971.883729855608,5264.5032111621495,4842.767690706507,4616.336995458576,11768.78997785792,4890.425313125565,11726.694661316247,11984.013792046087,8244.184509375309,28338.499078978908,7186.382481643785,5302.822045848312,4384.109850773557,6003.192929345445,31591.040064933066,7744.410466500975,7126.6575257760815,4936.265420339985,34095.230709285664,5100.568631144191
4306.893182174962,48773.84158979124,7774.0183531819,7572.502116226354,5046.571662827496,26434.263654625935,4307.668605545339,6623.325311509107,4867.587121769127,11392.945058676209,4750.232619803179,5054.952949181202,4955.992669810751,4608.016243211881,19099.187259910505,17852.637473646646,6809.515979181531,4769.660761844583,4757.4529818377205,19307.401920897282,6048.828890406129,7280.992708115557,5975.961377948888,4584.494764488724,6343.532339156609,7442.100953116982,4964.487338655362,4515.142123130119,5490.2817523407475,18815.625786301258,7867.719280573877,15971.883729855608,5208.945010891897,4842.767690706507,4616.336995458576,11768.78997785792,4890.425313125565,11726.694661316247,11984.013792046087,6334.939081158591,28338.499078978908,7186.382481643785,5302.822045848312,4384.109850773557,5952.534105727373,31591.040064933066,7744.410466500975,7126.6575257760815,4936.265420339985,34095.230709285664,5100.568631144191
4306.893182174962,48773.84158979124,7774.0183531819,7463.79897539092,5046.571662827496,26434.263654625935,4307.668605545339,6623.325311509107,4867.587121769127,11392.945058676209,4750.232619803179,5032.2022560374,4955.992669810751,4608.016243211881,19099.187259910505,17852.637473646646,6809.515979181531,4769.660761844583,4757.4529818377205,15430.982047392501,6048.828890406129,7280.992708115557,5438.605236597693,4584.494764488724,6343.532339156609,7442.100953116982,4964.487338655362,4515.142123130119,5490.2817523407475,18642.87736420189,7867.719280573877,15971.883729855608,5208.945010891897,4842.767690706507,4616.336995458576,10265.140044129228,4890.425313125565,11668.171145533954,11984.013792046087,6334.939081158591,28338.499078978908,7186.382481643785,5302.822045848312,4384.109850773557,5900.709941814934,31591.040064933066,7744.410466500975,7126.6575257760815,4936.265420339985,34095.230709285664,5100.568631144191
4306.893182174962,48773.84158979124,7774.0183531819,6255.9480252170315,5046.571662827496,26434.263654625935,4307.668605545339,6623.325311509107,4867.587121769127,11392.945058676209,4750.232619803179,4956.942354967865,4955.992669810751,4608.016243211881,19099.187259910505,17852.637473646646,6809.515979181531,4769.660761844583,4757.4529818377205,15430.982047392501,6048.828890406129,7280.992708115557,5438.605236597693,4584.494764488724,6343.532339156609,7442.100953116982,4964.487338655362,4515.142123130119,5490.2817523407475,18642.87736420189,7867.719280573877,15971.883729855608,5081.1283754977885,4842.767690706507,4616.336995458576,10265.140044129228,4890.425313125565,11668.171145533954,11984.013792046087,6334.939081158591,28338.499078978908,7035.929989902064,5302.822045848312,4384.109850773557,5798.41017430795,31591.040064933066,7744.410466500975,7126.6575257760815,4936.265420339985,34095.230709285664,5100.568631144191
4306.893182174962,27730.627145362654,7774.0183531819,6255.9480252170315,5046.571662827496,12984.130958904378,4307.668605545339,6623.325311509107,4867.587121769127,11392.945058676209,4750.232619803179,4956.942354967865,4955.992669810751,4608.016243211881,19099.187259910505,17852.637473646646,6809.515979181531,4769.660761844583,4757.4529818377205,15430.982047392501,6048.828890406129,7280.992708115557,5438.605236597693,4584.494764488724,6343.532339156609,7442.100953116982,4964.487338655362,4515.142123130119,5490.2817523407475,18642.87736420189,7867.719280573877,15971.883729855608,5081.1283754977885,4810.067959723025,4616.336995458576,10265.140044129228,4890.425313125565,11668.171145533954,11984.013792046087,6334.939081158591,28338.499078978908,7035.929989902064,5212.621424017901,4384.109850773557,5798.41017430795,31591.040064933066,7744.410466500975,7126.6575257760815,4936.265420339985,10828.247687745843,5100.568631144191
4306.893182174962,27730.627145362654,7774.0183531819,6255.9480252170315,5046.571662827496,12984.130958904378,4307.668605545339,6623.325311509107,4867.587121769127,11392.945058676209,4750.232619803179,4956.942354967865,4955.992669810751,4608.016243211881,19099.187259910505,17852.637473646646,6809.515979181531,4769.660761844583,4757.4529818377205,15430.982047392501,6048.828890406129,7280.992708115557,5438.605236597693,4584.494764488724,6343.532339156609,7442.100953116982,4964.487338655362,4515.142123130119,5490.2817523407475,18642.87736420189,7867.719280573877,15971.883729855608,5081.1283754977885,4810.067959723025,4616.336995458576,10265.140044129228,4890.425313125565,11668.171145533954,11984.013792046087,6334.939081158591,28338.499078978908,7035.929989902064,5212.621424017901,4384.109850773557,5798.41017430795,31591.040064933066,7744.410466500975,7126.6575257760815,4936.265420339985,10828.247687745843,5100.568631144191
4306.893182174962,27730.627145362654,7774.0183531819,6255.9480252170315,5046.571662827496,12984.130958904378,4307.668605545339,6623.325311509107,4867.587121769127,11392.945058676209,4750.232619803179,4956.942354967865,4955.992669810751,4608.016243211881,19099.187259910505,17852.637473646646,6809.515979181531,4769.660761844583,4757.4529818377205,15430.982047392501,6048.828890406129,7280.992708115557,5438.605236597693,4584.494764488724,6343.532339156609,7442.100953116982,4964.487338655362,4515.142123130119,5490.2817523407475,18509.753319837808,7867.719280573877,15971.883729855608,5081.1283754977885,4764.588354747497,4616.336995458576,10265.140044129228,4890.425313125565,11668.171145533954,11662.715609051345,6334.939081158591,28338.499078978908,6795.958538460298,5212.621424017901,4384.109850773557,5798.41017430795,31591.040064933066,7744.410466500975,7126.6575257760815,4936.265420339985,10828.247687745843,5100.568631144191
4152.230292201784,27730.627145362654,7774.0183531819,6255.9480252170315,5046.571662827496,12984.130958904378,4307.668605545339,6530.98268872157,4867.587121769127,11392.945058676209,4750.232619803179,4956.942354967865,4955.992669810751,4608.016243211881,19099.187259910505,17269.608264739258,6809.515979181531,4769.660761844583,4757.4529818377205,15430.982047392501,6048.828890406129,7280.992708115557,5438.605236597693,4584.494764488724,6343.532339156609,7442.100953116982,4964.487338655362,4515.142123130119,5490.2817523407475,18509.753319837808,7773.295880057682,15971.883729855608,5081.1283754977885,4764.588354747497,4616.336995458576,10265.140044129228,4890.425313125565,11668.171145533954,11662.715609051345,6334.939081158591,28338.499078978908,6716.869055767538,5212.621424017901,4384.109850773557,5751.660468905944,31591.040064933066,7744.410466500975,6174.935993375716,4936.265420339985,10828.247687745843,5100.568631144191
4152.230292201784,27730.627145362654,7774.0183531819,6255.9480252170315,4870.30049762711,12984.130958904378,4307.668605545339,6530.98268872157,4867.587121769127,11392.945058676209,4750.232619803179,4956.942354967865,4955.992669810751,4608.016243211881,19099.187259910505,17269.608264739258,6809.515979181531,4769.660761844583,4757.4529818377205,15430.982047392501,6048.828890406129,5285.351409662765,5375.371830472704,4584.494764488724,6343.532339156609,7442.100953116982,4964.487338655362,4515.142123130119,5490.2817523407475,18509.753319837808,7773.295880057682,15971.883729855608,5081.1283754977885,4764.588354747497,4616.336995458576,10265.140044129228,4890.425313125565,11668.171145533954,11662.715609051345,6334.939081158591,28338.499078978908,6716.869055767538,5212.621424017901,4384.109850773557,5751.660468905944,27145.31906621111,7744.410466500975,4912.048681402965,4936.265420339985,10828.247687745843,5100.568631144191
4152.230292201784,24024.691427066275,7774.0183531819,6255.9480252170315,4870.30049762711,12984.130958904378,4307.668605545339,6530.98268872157,4867.587121769127,11392.945058676209,4750.232619803179,4956.942354967865,4955.992669810751,4608.016243211881,18302.388806075513,10674.293030852183,6809.515979181531,4769.660761844583,4757.4529818377205,13695.138619970963,6048.828890406129,5285.351409662765,5326.023299590132,4398.786050954397,6343.532339156609,7442.100953116982,4964.487338655362,4515.142123130119,5490.2817523407475,18509.753319837808,7773.295880057682,15971.883729855608,5081.1283754977885,4764.588354747497,4616.336995458576,10265.140044129228,4890.425313125565,11516.604486019936,11662.715609051345,6269.6384673203875,19460.579648876374,6716.869055767538,5212.621424017901,4384.109850773557,5751.660468905944,27145.31906621111,7744.410466500975,4912.048681402965,4936.265420339985,10828.247687745843,5100.568631144191
4152.230292201784,23116.66345377129,7774.0183531819,6255.9480252170315,4870.30049762711,12984.130958904378,4307.668605545339,6530.98268872157,4867.587121769127,11392.945058676209,4750.232619803179,4956.942354967865,4955.992669810751,4608.016243211881,17030.65018105839,10674.293030852183,6809.515979181531,4769.660761844583,4757.4529818377205,13695.138619970963,6048.828890406129,5285.351409662765,5326.023299590132,4398.786050954397,6343.532339156609,7442.100953116982,4964.487338655362,4515.142123130119,5490.2817523407475,18509.753319837808,7773.295880057682,15971.883729855608,5081.1283754977885,4764.588354747497,4616.336995458576,10265.140044129228,4890.425313125565,11511.052741542378,11662.715609051345,6269.6384673203875,19460.579648876374,6716.869055767538,5212.621424017901,4384.109850773557,5751.660468905944,27145.31906621111,7744.410466500975,4912.048681402965,4936.265420339985,10828.247687745843,5100.568631144191
4152.230292201784,23116.66345377129,7774.0183531819,5402.565154258113,4589.782103734299,12984.130958904378,4307.668605545339,6530.98268872157,4867.587121769127,11392.945058676209,4750.232619803179,4956.942354967865,4955.992669810751,4608.016243211881,17030.65018105839,10674.293030852183,6809.515979181531,4630.757842799401,4757.4529818377205,13695.138619970963,6048.828890406129,5285.351409662765,5326.023299590132,4398.786050954397,6343.532339156609,7442.100953116982,4964.487338655362,4515.142123130119,5490.2817523407475,18509.753319837808,7773.295880057682,15971.883729855608,5081.1283754977885,4764.588354747497,4616.336995458576,10265.140044129228,4890.425313125565,11511.052741542378,11662.715609051345,5833.146861314719,19460.579648876374,6613.434679215286,5163.296303206064,4384.109850773557,5751.660468905944,27145.31906621111,7744.410466500975,4912.048681402965,4684.11627564319,10828.247687745843,5100.568631144191
4152.230292201784,23116.66345377129,7774.0183531819,5402.565154258113,4589.782103734299,12984.130958904378,4307.668605545339,6530.98268872157,4838.259396327338,11392.945058676209,4750.232619803179,4914.236887637916,4955.992669810751,4608.016243211881,17030.65018105839,10674.293030852183,6809.515979181531,4630.757842799401,4757.4529818377205,13695.138619970963,6048.828890406129,5285.351409662765,5326.023299590132,4398.786050954397,6343.532339156609,6462.87091050641,4964.487338655362,4515.142123130119,5490.2817523407475,18509.753319837808,7773.295880057682,15971.883729855608,5081.1283754977885,4764.588354747497,4595.2540473138915,10265.140044129228,4890.425313125565,11511.052741542378,11662.715609051345,5833.146861314719,19460.579648876374,6586.54482167809,5163.296303206064,4384.109850773557,5620.7579214370035,27145.31906621111,6462.5470502550925,4912.048681402965,4684.11627564319,10828.247687745843,5100.568631144191
4152.230292201784,23116.66345377129,7774.0183531819,5402.565154258113,4589.782103734299,12984.130958904378,4307.668605545339,6530.98268872157,4838.259396327338,11392.945058676209,4750.232619803179,4914.236887637916,4955.992669810751,4608.016243211881,17030.65018105839,10674.293030852183,6809.515979181531,4630.757842799401,4757.4529818377205,13695.138619970963,6048.828890406129,5285.351409662765,5326.023299590132,4398.786050954397,6343.532339156609,6462.87091050641,4964.487338655362,4515.142123130119,5490.2817523407475,18509.753319837808,7773.295880057682,15971.883729855608,5081.1283754977885,4764.588354747497,4595.2540473138915,10265.140044129228,4890.425313125565,11491.502002369154,11662.715609051345,5833.146861314719,19460.579648876374,6503.3306642361285,5163.296303206064,4384.109850773557,5620.7579214370035,27145.31906621111,6462.5470502550925,4912.048681402965,4684.11627564319,10828.247687745843,5100.568631144191
4152.230292201784,23116.66345377129,7774.0183531819,5402.565154258113,4589.782103734299,12984.130958904378,4307.668605545339,5874.991050767505,4838.259396327338,11392.945058676209,4750.232619803179,4914.236887637916,4955.992669810751,4608.016243211881,15676.9458514909,10674.293030852183,6809.515979181531,4630.757842799401,4757.4529818377205,13695.138619970963,6048.828890406129,5285.351409662765,5267.035654304616,4398.786050954397,6343.532339156609,6462.87091050641,4964.487338655362,4515.142123130119,5490.2817523407475,14258.632454765548,7773.295880057682,15971.883729855608,5081.1283754977885,4764.588354747497,4595.2540473138915,10265.140044129228,4780.6220163787875,11491.502002369154,11662.715609051345,5833.146861314719,19460.579648876374,6503.3306642361285,5093.931331166893,4320.270714959133,5620.7579214370035,27145.31906621111,6462.5470502550925,4912.048681402965,4684.11627564319,10828.247687745843,5100.568631144191
4152.230292201784,23116.66345377129,7774.0183531819,5402.565154258113,4589.782103734299,12984.130958904378,4307.668605545339,5874.991050767505,4838.259396327338,11392.945058676209,4750.232619803179,4914.236887637916,4955.992669810751,4608.016243211881,15676.9458514909,10674.293030852183,6809.515979181531,4630.757842799401,4757.4529818377205,13695.138619970963,6048.828890406129,5285.351409662765,5267.035654304616,4398.786050954397,6343.532339156609,6462.87091050641,4964.487338655362,4515.142123130119,5490.2817523407475,14258.632454765548,7773.295880057682,15971.883729855608,5081.1283754977885,4764.588354747497,4595.2540473138915,10265.140044129228,4780.6220163787875,11491.502002369154,11662.715609051345,5833.146861314719,19460.579648876374,6503.3306642361285,4798.531680724309,4320.270714959133,5620.7579214370035,27145.31906621111,6462.5470502550925,4912.048681402965,4684.11627564319,10828.247687745843,5100.568631144191
4152.230292201784,23116.66345377129,7774.0183531819,5402.565154258113,4589.782103734299,12984.130958904378,4307.668605545339,5874.991050767505,4759.621372934294,11392.945058676209,4750.232619803179,4746.163528325909,4955.992669810751,4608.016243211881,15676.9458514909,10674.293030852183,6809.515979181531,4630.757842799401,4757.4529818377205,13695.138619970963,6048.828890406129,5285.351409662765,5267.035654304616,4398.786050954397,6343.532339156609,6462.87091050641,4964.487338655362,4512.900722937558,5490.2817523407475,14258.632454765548,7773.295880057682,15971.883729855608,5081.1283754977885,4634.128274074651,4595.2540473138915,10265.140044129228,4780.6220163787875,11491.502002369154,11638.787910049334,5558.233506013583,19460.579648876374,6503.3306642361285,4656.627883463127,4320.270714959133,5620.7579214370035,27145.31906621111,6462.5470502550925,4912.048681402965,4684.11627564319,10828.247687745843,5100.568631144191
4152.230292201784,22016.027476024872,7774.0183531819,5402.565154258113,4589.782103734299,12984.130958904378,4307.668605545339,5827.897130481491,4759.621372934294,11392.945058676209,4638.322633278411,4746.163528325909,4760.961496141152,4608.016243211881,15676.9458514909,10674.293030852183,6809.515979181531,4630.757842799401,4757.4529818377205,13695.138619970963,6048.828890406129,5285.351409662765,5224.329745531503,4398.786050954397,6343.532339156609,6462.87091050641,4964.487338655362,4512.900722937558,5490.2817523407475,12934.045859201347,7773.295880057682,15971.883729855608,5081.1283754977885,4634.128274074651,4595.2540473138915,10265.140044129228,4780.6220163787875,11491.502002369154,11638.787910049334,5418.511802013492,19460.579648876374,6503.3306642361285,4656.627883463127,4320.270714959133,5620.7579214370035,27145.31906621111,6462.5470502550925,4912.048681402965,4684.11627564319,10828.247687745843,5100.568631144191
4152.230292201784,22016.027476024872,7774.0183531819,5402.565154258113,4589.782103734299,12984.130958904378,4307.668605545339,5827.897130481491,4759.621372934294,11392.945058676209,4638.322633278411,4746.163528325909,4760.961496141152,4608.016243211881,15676.9458514909,10674.293030852183,6809.515979181531,4630.757842799401,4757.4529818377205,13695.138619970963,6048.828890406129,5285.351409662765,5224.329745531503,4398.786050954397,6343.532339156609,6462.87091050641,4964.487338655362,4512.900722937558,5490.2817523407475,12934.045859201347,7773.295880057682,15971.883729855608,5081.1283754977885,4575.436989990651,4595.2540473138915,10265.140044129228,4780.6220163787875,11491.502002369154,11638.787910049334,5418.511802013492,19460.579648876374,6503.3306642361285,4466.379004379718,4320.270714959133,5411.2721819963035,27145.31906621111,6462.5470502550925,4912.048681402965,4684.11627564319,10828.247687745843,5100.568631144191
4152.230292201784,22016.027476024872,7774.0183531819,5402.565154258113,4589.782103734299,12984.130958904378,4307.668605545339,5419.270026767992,4759.621372934294,11392.945058676209,4638.322633278411,4746.163528325909,4760.961496141152,4608.016243211881,15676.9458514909,10657.476009112987,6809.515979181531,4630.757842799401,4757.4529818377205,13695.138619970963,6048.828890406129,5285.351409662765,5182.594755376584,4398.786050954397,6343.532339156609,6462.87091050641,4964.487338655362,4512.900722937558,5281.027255582646,12934.045859201347,7773.295880057682,15971.883729855608,5063.157243638974,4575.436989990651,4595.2540473138915,10265.140044129228,4780.6220163787875,11491.502002369154,11638.787910049334,5418.511802013492,19460.579648876374,6503.3306642361285,4466.379004379718,4320.270714959133,5411.2721819963035,27145.31906621111,6462.5470502550925,4912.048681402965,4684.11627564319,10828.247687745843,5094.005487660983
4152.230292201784,22016.027476024872,7774.0183531819,5402.565154258113,4510.519344615485,12984.130958904378,4307.668605545339,5419.270026767992,4759.621372934294,11392.945058676209,4638.322633278411,4746.163528325909,4760.961496141152,4608.016243211881,15676.9458514909,10657.476009112987,6809.515979181531,4630.757842799401,4757.4529818377205,13695.138619970963,6048.828890406129,5285.351409662765,5182.594755376584,4398.786050954397,6343.532339156609,6462.87091050641,4964.487338655362,4512.900722937558,5281.027255582646,12934.045859201347,7773.295880057682,15971.883729855608,5063.157243638974,4575.436989990651,4595.2540473138915,10265.140044129228,4618.663284937839,11491.502002369154,11638.787910049334,5418.511802013492,19460.579648876374,6157.735470313808,4466.379004379718,4320.270714959133,5411.2721819963035,27145.31906621111,6462.5470502550925,4912.048681402965,4684.11627564319,10828.247687745843,5094.005487660983
4152.230292201784,22016.027476024872,7774.0183531819,5402.565154258113,4510.519344615485,10634.848584279762,4307.668605545339,5419.270026767992,4759.621372934294,11392.945058676209,4638.322633278411,4746.163528325909,4760.961496141152,4608.016243211881,15676.9458514909,10657.476009112987,6809.515979181531,4630.757842799401,4757.4529818377205,13695.138619970963,6048.828890406129,5285.351409662765,5182.594755376584,4398.786050954397,6343.532339156609,6462.87091050641,4964.487338655362,4512.900722937558,5281.027255582646,12934.045859201347,7773.295880057682,15908.551649578169,5022.518345895957,4575.436989990651,4595.2540473138915,10265.140044129228,4618.663284937839,11491.502002369154,11638.787910049334,5418.511802013492,19460.579648876374,6157.735470313808,4466.379004379718,4320.270714959133,5411.2721819963035,27145.31906621111,6462.5470502550925,4912.048681402965,4684.11627564319,10828.247687745843,5094.005487660983
4152.230292201784,21849.429907319907,7774.0183531819,5402.565154258113,4510.519344615485,10634.848584279762,4307.668605545339,5419.270026767992,4759.621372934294,11392.945058676209,4638.322633278411,4746.163528325909,4760.961496141152,4608.016243211881,15676.9458514909,10657.476009112987,6809.515979181531,4630.757842799401,4757.4529818377205,13695.138619970963,5618.0083694725545,5285.351409662765,5182.594755376584,4398.786050954397,6343.532339156609,6462.87091050641,4906.738827147894,4512.900722937558,5281.027255582646,12716.578664240169,7773.295880057682,14908.345507011527,5022.518345895957,4575.436989990651,4586.64240423441,10265.140044129228,4618.663284937839,10867.987844346582,11563.743368758336,5418.511802013492,19460.579648876374,6157.735470313808,4466.379004379718,4320.270714959133,5330.039885690405,27145.31906621111,6462.5470502550925,4912.048681402965,4684.11627564319,10828.247687745843,5094.005487660983
4152.230292201784,21849.429907319907,7774.0183531819,5402.565154258113,4510.519344615485,10634.848584279762,4307.668605545339,5419.270026767992,4759.621372934294,11392.945058676209,4638.322633278411,4746.163528325909,4760.961496141152,4608.016243211881,15676.9458514909,10657.476009112987,6809.515979181531,4630.757842799401,4757.4529818377205,13695.138619970963,5618.0083694725545,4752.624860507757,5182.594755376584,4398.786050954397,6343.532339156609,6462.87091050641,4906.738827147894,4512.900722937558,5281.027255582646,12716.578664240169,7773.295880057682,14908.345507011527,5022.518345895957,4575.436989990651,4586.64240423441,10223.737125714051,4618.663284937839,10867.987844346582,11563.743368758336,5418.511802013492,19460.579648876374,6157.735470313808,4466.379004379718,4226.579504029134,5330.039885690405,27145.31906621111,6462.5470502550925,4912.048681402965,4684.11627564319,10828.247687745843,5094.005487660983
4152.230292201784,21849.429907319907,7774.0183531819,5402.565154258113,4510.519344615485,10634.848584279762,4307.668605545339,5419.270026767992,4759.621372934294,11392.945058676209,4638.322633278411,4746.163528325909,4760.961496141152,4608.016243211881,15676.9458514909,10657.476009112987,6809.515979181531,4630.757842799401,4757.4529818377205,13695.138619970963,5618.0083694725545,4752.624860507757,5182.594755376584,4398.786050954397,6343.532339156609,6462.87091050641,4823.61326669845,4512.900722937558,5281.027255582646,12716.578664240169,7773.295880057682,14908.345507011527,5022.518345895957,4575.436989990651,4586.64240423441,10223.737125714051,4618.663284937839,10867.987844346582,11563.743368758336,5418.511802013492,16375.232619479528,6157.735470313808,4466.379004379718,4226.579504029134,5229.311103510963,27145.31906621111,6462.5470502550925,4912.048681402965,4684.11627564319,10828.247687745843,5094.005487660983
4152.230292201784,21849.429907319907,7774.0183531819,5402.565154258113,4510.519344615485,10634.848584279762,4307.668605545339,5419.270026767992,4759.621372934294,11392.945058676209,4638.322633278411,4746.163528325909,4760.961496141152,4608.016243211881,14555.711485008938,10657.476009112987,6809.515979181531,4630.757842799401,4757.4529818377205,13695.138619970963,5618.0083694725545,4752.624860507757,5182.594755376584,4398.786050954397,6343.532339156609,6462.87091050641,4823.61326669845,4512.900722937558,5281.027255582646,12716.578664240169,7773.295880057682,13738.86865539394,5022.518345895957,4575.436989990651,4586.64240423441,10223.737125714051,4612.825989479998,10867.987844346582,11563.743368758336,5418.511802013492,16375.232619479528,6157.735470313808,4466.379004379718,4226.579504029134,5229.311103510963,27145.31906621111,6462.5470502550925,4912.048681402965,4684.11627564319,10828.247687745843,5094.005487660983
4152.230292201784,21849.429907319907,7774.0183531819,5402.565154258113,4510.519344615485,10634.848584279762,4307.668605545339,5419.270026767992,4759.621372934294,11392.945058676209,4638.322633278411,4746.163528325909,4760.961496141152,4608.016243211881,14555.711485008938,10657.476009112987,6809.515979181531,4630.757842799401,4757.4529818377205,13695.138619970963,5618.0083694725545,4752.624860507757,5182.594755376584,4398.786050954397,6343.532339156609,6462.87091050641,4823.61326669845,4512.900722937558,5281.027255582646,12716.578664240169,7773.295880057682,13738.86865539394,5022.518345895957,4575.436989990651,4586.64240423441,10223.737125714051,4612.825989479998,10867.987844346582,11563.743368758336,5418.511802013492,16375.232619479528,6157.735470313808,4466.379004379718,4226.579504029134,5229.311103510963,27145.31906621111,6462.5470502550925,4912.048681402965,4684.11627564319,10828.247687745843,5094.005487660983
4152.230292201784,21017.445895882338,7774.0183531819,5402.565154258113,4510.519344615485,10433.999661615388,4307.668605545339,5419.270026767992,4759.621372934294,11392.945058676209,4638.322633278411,4746.163528325909,4760.961496141152,4608.016243211881,11644.51655793716,10657.476009112987,6809.515979181531,4630.757842799401,4757.4529818377205,13695.138619970963,5618.0083694725545,4752.624860507757,5182.594755376584,4398.786050954397,6343.532339156609,6462.87091050641,4823.61326669845,4512.900722937558,5281.027255582646,12716.578664240169,7773.295880057682,13738.86865539394,5022.518345895957,4575.436989990651,4586.64240423441,10223.737125714051,4612.825989479998,10867.987844346582,11563.743368758336,5418.511802013492,16375.232619479528,6157.735470313808,4466.379004379718,4226.579504029134,5229.311103510963,27145.31906621111,6462.5470502550925,4912.048681402965,4684.11627564319,10828.247687745843,5094.005487660983
4152.230292201784,21017.445895882338,7774.0183531819,5402.565154258113,4510.519344615485,10433.999661615388,4307.668605545339,5419.270026767992,4759.621372934294,11392.945058676209,4638.322633278411,4746.163528325909,4760.961496141152,4608.016243211881,11644.51655793716,10657.476009112987,6809.515979181531,4630.757842799401,4757.4529818377205,13695.138619970963,5618.0083694725545,4752.624860507757,5182.594755376584,4398.786050954397,6343.532339156609,6462.87091050641,4823.61326669845,4512.900722937558,5281.027255582646,12716.578664240169,7773.295880057682,12826.268252302278,5022.518345895957,4575.436989990651,4586.64240423441,10223.737125714051,4612.825989479998,10867.987844346582,11549.359535100579,5418.511802013492,16375.232619479528,6157.735470313808,4466.379004379718,4226.579504029134,5229.311103510963,27145.31906621111,6462.5470502550925,4912.048681402965,4684.11627564319,10828.247687745843,5094.005487660983
4152.230292201784,21017.445895882338,5970.105101216497,5402.565154258113,4510.519344615485,10433.999661615388,4307.668605545339,5419.270026767992,4759.621372934294,11392.945058676209,4638.322633278411,4746.163528325909,4760.961496141152,4608.016243211881,11644.51655793716,10657.476009112987,6809.515979181531,4630.757842799401,4757.4529818377205,13695.138619970963,5618.0083694725545,4752.624860507757,5182.594755376584,4398.786050954397,6343.532339156609,6462.87091050641,4823.61326669845,4512.900722937558,5281.027255582646,10121.448424483806,7773.295880057682,12826.268252302278,4916.008352154668,4575.436989990651,4586.64240423441,10223.737125714051,4612.825989479998,10867.987844346582,11549.359535100579,5418.511802013492,16375.232619479528,6157.735470313808,4466.379004379718,4226.579504029134,5229.311103510963,27145.31906621111,6462.5470502550925,4912.048681402965,4684.11627564319,10828.247687745843,5094.005487660983
4152.230292201784,21017.445895882338,5970.105101216497,5402.565154258113,4510.519344615485,10433.999661615388,4307.668605545339,5419.270026767992,4759.621372934294,11392.945058676209,4638.322633278411,4746.163528325909,4760.961496141152,4608.016243211881,9047.998803362696,10657.476009112987,6809.515979181531,4630.757842799401,4757.4529818377205,13695.138619970963,5618.0083694725545,4752.624860507757,5182.594755376584,4398.786050954397,6343.532339156609,6462.87091050641,4788.3478638785955,4512.900722937558,5281.027255582646,10121.448424483806,7587.019430525373,12826.268252302278,4916.008352154668,4449.819156438267,4586.64240423441,9418.195310263263,4502.035456904372,10867.987844346582,11549.359535100579,5418.511802013492,16375.232619479528,5140.675371921124,4466.379004379718,4226.579504029134,5229.311103510963,27145.31906621111,6462.5470502550925,4912.048681402965,4684.11627564319,10828.247687745843,5073.9011387776945
4152.230292201784,20494.808812780568,5970.105101216497,5402.565154258113,4510.519344615485,10433.999661615388,4307.668605545339,5419.270026767992,4759.621372934294,11392.945058676209,4638.322633278411,4746.163528325909,4760.961496141152,4608.016243211881,9047.998803362696,10657.476009112987,6809.515979181531,4623.983129710223,4757.4529818377205,13695.138619970963,5618.0083694725545,4752.624860507757,5182.594755376584,4398.786050954397,6343.532339156609,6462.87091050641,4788.3478638785955,4512.900722937558,5281.027255582646,10121.448424483806,7587.019430525373,12826.268252302278,4857.625515366828,4449.819156438267,4586.64240423441,9418.195310263263,4502.035456904372,10867.987844346582,11549.359535100579,5418.511802013492,16375.232619479528,5140.675371921124,4466.379004379718,4226.579504029134,5229.311103510963,27145.31906621111,6462.5470502550925,4912.048681402965,4684.11627564319,10828.247687745843,5073.9011387776945
4152.230292201784,20494.808812780568,5970.105101216497,5328.602004960827,4510.519344615485,10433.999661615388,4307.668605545339,5419.270026767992,4537.179097327908,11392.945058676209,4638.322633278411,4746.163528325909,4760.961496141152,4608.016243211881,9047.998803362696,10657.476009112987,6809.515979181531,4623.983129710223,4427.912048366287,13695.138619970963,5618.0083694725545,4752.624860507757,5182.594755376584,4398.786050954397,6343.532339156609,6462.87091050641,4788.3478638785955,4467.220208847316,5281.027255582646,10121.448424483806,7587.019430525373,12826.268252302278,4857.625515366828,4449.819156438267,4586.64240423441,9418.195310263263,4502.035456904372,10867.987844346582,11549.359535100579,5418.511802013492,16375.232619479528,5140.675371921124,4466.379004379718,4226.579504029134,5229.311103510963,27145.31906621111,6462.5470502550925,4912.048681402965,4684.11627564319,10828.247687745843,5073.9011387776945
4152.230292201784,20494.808812780568,5970.105101216497,5328.602004960827,4510.519344615485,10433.999661615388,4307.668605545339,5419.270026767992,4537.179097327908,11392.945058676209,4638.322633278411,4746.163528325909,4760.961496141152,4608.016243211881,9047.998803362696,10657.476009112987,6809.515979181531,4623.983129710223,4427.912048366287,13695.138619970963,5618.0083694725545,4752.624860507757,5182.594755376584,4398.786050954397,6343.532339156609,6462.87091050641,4744.666585059926,4467.220208847316,5281.027255582646,10121.448424483806,7587.019430525373,12826.268252302278,4857.625515366828,4449.819156438267,4586.64240423441,9418.195310263263,4502.035456904372,10867.987844346582,11549.359535100579,5392.654371709341,16375.232619479528,5140.675371921124,4466.379004379718,4226.579504029134,5229.311103510963,27145.31906621111,6462.5470502550925,4912.048681402965,4684.11627564319,10828.247687745843,5073.9011387776945
4090.2714333443705,19411.74128742355,5970.105101216497,5328.602004960827,4510.519344615485,10433.999661615388,4307.668605545339,5419.270026767992,4537.179097327908,11392.945058676209,4638.322633278411,4746.163528325909,4760.961496141152,4608.016243211881,9047.998803362696,10657.476009112987,6337.2058905119875,4623.983129710223,4427.912048366287,13695.138619970963,5618.0083694725545,4752.624860507757,5182.594755376584,4398.786050954397,6343.532339156609,6462.87091050641,4744.666585059926,4467.220208847316,5281.027255582646,10121.448424483806,7587.019430525373,12826.268252302278,4857.625515366828,4449.819156438267,4586.64240423441,9418.195310263263,4502.035456904372,10867.987844346582,11549.359535100579,5392.654371709341,16375.232619479528,5140.675371921124,4466.379004379718,4226.579504029134,5229.311103510963,27145.31906621111,6462.5470502550925,4912.048681402965,4684.11627564319,10484.519545399035,5073.9011387776945
4090.2714333443705,19411.74128742355,5970.105101216497,5328.602004960827,4419.769089226525,10433.999661615388,4307.668605545339,5419.270026767992,4537.179097327908,11392.945058676209,4638.322633278411,4746.163528325909,4760.961496141152,4608.016243211881,9047.998803362696,10657.476009112987,6337.2058905119875,4623.983129710223,4427.912048366287,13695.138619970963,5618.0083694725545,4752.624860507757,5182.594755376584,4398.786050954397,6343.532339156609,6462.87091050641,4660.990547342486,4467.220208847316,5281.027255582646,10121.448424483806,7587.019430525373,12826.268252302278,4857.625515366828,4449.819156438267,4586.64240423441,9418.195310263263,4502.035456904372,10867.987844346582,11549.359535100579,5392.654371709341,16375.232619479528,5140.675371921124,4466.379004379718,4208.7105417837,4899.714967243575,27145.31906621111,6462.5470502550925,4912.048681402965,4684.11627564319,10484.519545399035,5073.9011387776945
4090.2714333443705,19411.74128742355,5970.105101216497,5328.602004960827,4419.769089226525,10433.999661615388,4307.668605545339,5419.270026767992,4537.179097327908,11392.945058676209,4638.322633278411,4746.163528325909,4760.961496141152,4608.016243211881,9047.998803362696,10657.476009112987,6337.2058905119875,4623.983129710223,4427.912048366287,13695.138619970963,5618.0083694725545,4752.624860507757,5182.594755376584,4361.474535212965,6343.532339156609,6462.87091050641,4660.990547342486,4467.220208847316,5200.408077418257,10121.448424483806,7587.019430525373,12826.268252302278,4857.625515366828,4449.819156438267,4586.64240423441,9418.195310263263,4502.035456904372,10867.987844346582,11549.359535100579,5392.654371709341,16375.232619479528,5140.675371921124,4466.379004379718,4208.7105417837,4899.714967243575,27145.31906621111,6462.5470502550925,4912.048681402965,4684.11627564319,10484.519545399035,5073.9011387776945
4090.2714333443705,19411.74128742355,5970.105101216497,5328.602004960827,4419.769089226525,10433.999661615388,4307.668605545339,5419.270026767992,4537.179097327908,11392.945058676209,4638.322633278411,4746.163528325909,4760.961496141152,4608.016243211881,9047.998803362696,10657.476009112987,6337.2058905119875,4623.983129710223,4427.912048366287,13695.138619970963,5618.0083694725545,4752.624860507757,5182.594755376584,4361.474535212965,6343.532339156609,6462.87091050641,4638.581292085628,4467.220208847316,5200.408077418257,10121.448424483806,7587.019430525373,12826.268252302278,4831.438070412718,4449.819156438267,4586.64240423441,6459.069268098781,4502.035456904372,10867.987844346582,11549.359535100579,5392.654371709341,16375.232619479528,5140.675371921124,4466.379004379718,4208.7105417837,4899.714967243575,27145.31906621111,6462.5470502550925,4912.048681402965,4684.11627564319,10484.519545399035,5035.056016578293
4090.2714333443705,19411.74128742355,5970.105101216497,5328.602004960827,4419.769089226525,10433.999661615388,4307.668605545339,5419.270026767992,4537.179097327908,11392.945058676209,4638.322633278411,4746.163528325909,4760.961496141152,4608.016243211881,9047.998803362696,10657.476009112987,6337.2058905119875,4623.983129710223,4427.912048366287,13695.138619970963,5618.0083694725545,4752.624860507757,5182.594755376584,4361.474535212965,6343.532339156609,6462.87091050641,4638.581292085628,4467.220208847316,5200.408077418257,10121.448424483806,7587.019430525373,12826.268252302278,4831.438070412718,4449.819156438267,4586.64240423441,6459.069268098781,4390.296517751492,10867.987844346582,11549.359535100579,5392.654371709341,16375.232619479528,5140.675371921124,4466.379004379718,4208.7105417837,4899.714967243575,24998.583005693752,6462.5470502550925,4912.048681402965,4684.11627564319,10484.519545399035,5035.056016578293
4090.2714333443705,19411.74128742355,5970.105101216497,5328.602004960827,4419.769089226525,10433.999661615388,4307.668605545339,5419.270026767992,4537.179097327908,11392.945058676209,4638.322633278411,4746.163528325909,4760.961496141152,4608.016243211881,9047.998803362696,10657.476009112987,4896.626620938176,4623.983129710223,4427.912048366287,13695.138619970963,5618.0083694725545,4752.624860507757,5182.594755376584,4361.474535212965,6343.532339156609,6462.87091050641,4638.581292085628,4467.220208847316,5200.408077418257,10121.448424483806,7587.019430525373,12826.268252302278,4831.438070412718,4449.819156438267,4586.64240423441,6210.2585191570015,4390.296517751492,10867.987844346582,11549.359535100579,5392.654371709341,16375.232619479528,5140.675371921124,4466.379004379718,4208.7105417837,4899.714967243575,24998.583005693752,6462.5470502550925,4912.048681402965,4684.11627564319,10484.519545399035,5035.056016578293
4090.2714333443705,19411.74128742355,5970.105101216497,5328.602004960827,4419.769089226525,10433.999661615388,4307.668605545339,5419.270026767992,4537.179097327908,11392.945058676209,4638.322633278411,4746.163528325909,4760.961496141152,4595.227215307193,9047.998803362696,10657.476009112987,4896.626620938176,4623.983129710223,4427.912048366287,13695.138619970963,5618.0083694725545,4752.624860507757,5182.594755376584,4361.474535212965,6343.532339156609,6462.87091050641,4638.581292085628,4467.220208847316,5066.098544632454,10121.448424483806,7587.019430525373,12826.268252302278,4831.438070412718,4449.819156438267,4586.64240423441,6210.2585191570015,4390.296517751492,10867.987844346582,11549.359535100579,5366.110934883078,16375.232619479528,5140.675371921124,4466.379004379718,4208.7105417837,4899.714967243575,24998.583005693752,6462.5470502550925,4912.048681402965,4684.11627564319,10484.519545399035,5035.056016578293
4090.2714333443705,19411.74128742355,5970.105101216497,5233.292874371875,4419.769089226525,10433.999661615388,4307.668605545339,5419.270026767992,4537.179097327908,11392.945058676209,4638.322633278411,4254.795495383017,4760.961496141152,4595.227215307193,9047.998803362696,10657.476009112987,4896.626620938176,4623.983129710223,4427.912048366287,13695.138619970963,5618.0083694725545,4752.624860507757,5182.594755376584,4361.474535212965,6343.532339156609,6462.87091050641,4638.581292085628,4467.220208847316,5066.098544632454,10121.448424483806,7587.019430525373,12826.268252302278,4831.438070412718,4449.819156438267,4586.64240423441,6210.2585191570015,4390.296517751492,10867.987844346582,11536.807904182839,5366.110934883078,16375.232619479528,5140.675371921124,4466.379004379718,4208.7105417837,4899.714967243575,24998.583005693752,6462.5470502550925,4912.048681402965,4684.11627564319,10484.519545399035,5035.056016578293
4090.2714333443705,19411.74128742355,5970.105101216497,5233.292874371875,4419.769089226525,10433.999661615388,4307.668605545339,5419.270026767992,4537.179097327908,11392.945058676209,4638.322633278411,4254.795495383017,4760.961496141152,4595.227215307193,9047.998803362696,10657.476009112987,4896.626620938176,4590.654848280397,4375.776794711667,13695.138619970963,5618.0083694725545,4752.624860507757,5181.033851788872,4361.474535212965,6343.532339156609,6462.87091050641,4638.581292085628,4467.220208847316,4892.6767449654235,10121.448424483806,7587.019430525373,11650.978803819255,4831.438070412718,4449.819156438267,4586.64240423441,6210.2585191570015,4390.296517751492,10867.987844346582,11536.807904182839,5366.110934883078,16375.232619479528,5140.675371921124,4466.379004379718,4208.7105417837,4899.714967243575,24998.583005693752,6462.5470502550925,4912.048681402965,4684.11627564319,10230.44211304004,5035.056016578293
4090.2714333443705,19411.74128742355,5970.105101216497,5233.292874371875,4419.769089226525,10433.999661615388,4307.668605545339,5419.270026767992,4537.179097327908,11392.945058676209,4638.322633278411,4254.795495383017,4760.961496141152,4595.227215307193,9047.998803362696,10657.476009112987,4896.626620938176,4590.654848280397,4375.776794711667,13695.138619970963,5393.41780612478,4752.624860507757,5181.033851788872,4361.474535212965,6343.532339156609,6462.87091050641,4638.581292085628,4467.220208847316,4892.6767449654235,10121.448424483806,7587.019430525373,11650.978803819255,4831.438070412718,4449.819156438267,4586.64240423441,6210.2585191570015,4390.296517751492,10867.987844346582,11518.646091056318,5255.809087700357,16375.232619479528,5140.675371921124,4451.765119828524,4208.7105417837,4899.714967243575,24998.583005693752,6462.5470502550925,4912.048681402965,4679.242159055168,10230.44211304004,5035.056016578293
4090.2714333443705,19411.74128742355,5970.105101216497,5233.292874371875,4419.769089226525,10433.999661615388,4307.668605545339,5419.270026767992,4435.334449471276,11392.945058676209,4638.322633278411,4254.795495383017,4760.961496141152,4595.227215307193,9047.998803362696,10657.476009112987,4896.626620938176,4590.654848280397,4375.776794711667,13695.138619970963,5393.41780612478,4752.624860507757,5181.033851788872,4361.474535212965,6343.532339156609,6462.87091050641,4638.581292085628,4467.220208847316,4892.6767449654235,10121.448424483806,7587.019430525373,11650.978803819255,4831.438070412718,4449.819156438267,4586.64240423441,6210.2585191570015,4390.296517751492,10867.987844346582,11518.646091056318,5255.809087700357,16375.232619479528,5140.675371921124,4451.765119828524,4208.7105417837,4899.714967243575,24998.583005693752,6462.5470502550925,4912.048681402965,4560.550388274352,10230.44211304004,5010.757368034743
4090.2714333443705,19411.74128742355,5970.105101216497,5233.292874371875,4419.769089226525,10433.999661615388,4307.668605545339,5220.764801297493,4435.334449471276,11392.945058676209,4638.322633278411,4254.795495383017,4760.961496141152,4595.227215307193,9047.998803362696,10657.476009112987,4896.626620938176,4590.654848280397,4375.776794711667,13695.138619970963,5393.41780612478,4752.624860507757,5181.033851788872,4361.474535212965,6343.532339156609,6462.87091050641,4638.581292085628,4467.220208847316,4892.6767449654235,10121.448424483806,7587.019430525373,11650.978803819255,4831.438070412718,4449.819156438267,4586.64240423441,6210.2585191570015,4390.296517751492,10867.987844346582,11518.646091056318,5255.809087700357,16375.232619479528,5140.675371921124,4451.765119828524,4208.7105417837,4899.714967243575,24998.583005693752,6462.5470502550925,4912.048681402965,4560.550388274352,10230.44211304004,5010.757368034743
4090.2714333443705,19411.74128742355,5970.105101216497,5233.292874371875,4419.769089226525,10433.999661615388,4307.668605545339,5173.862049281154,4435.334449471276,11392.945058676209,4638.322633278411,4254.795495383017,4760.961496141152,4595.227215307193,9047.998803362696,10657.476009112987,4896.626620938176,4590.654848280397,4375.776794711667,13695.138619970963,5393.41780612478,4752.624860507757,5181.033851788872,4361.474535212965,6343.532339156609,6462.87091050641,4638.581292085628,4467.220208847316,4648.4014420575695,9699.508367515995,7587.019430525373,11650.978803819255,4822.456566636829,4449.819156438267,4586.64240423441,6210.2585191570015,4390.296517751492,10867.987844346582,11518.646091056318,5255.809087700357,16375.232619479528,5140.675371921124,4451.765119828524,4208.7105417837,4758.913099428634,17943.142552540525,6462.5470502550925,4912.048681402965,4560.550388274352,10230.44211304004,5010.757368034743
4090.2714333443705,17174.224910971046,5970.105101216497,5233.292874371875,4419.769089226525,10433.999661615388,4307.668605545339,5173.862049281154,4435.334449471276,11174.08987365601,4638.322633278411,4254.795495383017,4760.961496141152,4595.227215307193,9047.998803362696,10657.476009112987,4896.626620938176,4590.654848280397,4375.776794711667,13695.138619970963,5393.41780612478,4752.624860507757,5181.033851788872,4361.474535212965,6343.532339156609,6462.87091050641,4638.581292085628,4467.220208847316,4648.4014420575695,9077.557910216727,7173.465425174704,11650.978803819255,4822.456566636829,4449.819156438267,4586.64240423441,6210.2585191570015,4390.296517751492,10867.987844346582,11518.646091056318,5255.809087700357,16375.232619479528,5140.675371921124,4451.765119828524,4208.7105417837,4758.913099428634,17943.142552540525,6270.101119817618,4912.048681402965,4560.550388274352,10230.44211304004,5010.757368034743
4090.2714333443705,17174.224910971046,5970.105101216497,5233.292874371875,4419.769089226525,10433.999661615388,4307.668605545339,5173.862049281154,4435.334449471276,11174.08987365601,4638.322633278411,4254.795495383017,4760.961496141152,4595.227215307193,9047.998803362696,10657.476009112987,4896.626620938176,4590.654848280397,4375.776794711667,13695.138619970963,5393.41780612478,4752.624860507757,5145.553894417593,4361.474535212965,6343.532339156609,6462.87091050641,4638.581292085628,4467.220208847316,4648.4014420575695,7778.657429761356,7173.465425174704,11650.978803819255,4822.456566636829,4449.819156438267,4586.64240423441,6210.2585191570015,4390.296517751492,10867.987844346582,11498.959898065337,5255.809087700357,16375.232619479528,5140.675371921124,4451.765119828524,4208.7105417837,4583.051158824954,16380.728747474992,6270.101119817618,4912.048681402965,4560.550388274352,10230.44211304004,5010.757368034743
4090.2714333443705,17174.224910971046,5970.105101216497,5233.292874371875,4419.769089226525,10433.999661615388,4307.668605545339,5173.862049281154,4435.334449471276,11174.08987365601,4638.322633278411,4254.795495383017,4760.961496141152,4595.227215307193,9047.998803362696,10257.547094307974,4896.626620938176,4590.654848280397,4375.776794711667,12898.946267336363,5393.41780612478,4752.624860507757,5145.553894417593,4361.474535212965,6343.532339156609,6462.87091050641,4638.581292085628,4396.599019178334,4648.4014420575695,7778.657429761356,7173.465425174704,11650.978803819255,4822.456566636829,4396.679186162337,4586.64240423441,6210.2585191570015,4390.296517751492,10867.987844346582,11498.959898065337,4781.498206081908,16375.232619479528,5140.675371921124,4451.765119828524,4208.7105417837,4583.051158824954,16380.728747474992,6270.101119817618,4912.048681402965,4560.550388274352,10230.44211304004,4869.0250798721045
4090.2714333443705,12635.216876547553,5970.105101216497,5233.292874371875,4419.769089226525,10433.999661615388,4307.668605545339,5173.862049281154,4435.334449471276,11174.08987365601,4638.322633278411,4254.795495383017,4737.46526017794,4595.227215307193,9047.998803362696,10257.547094307974,4896.626620938176,4590.654848280397,4375.776794711667,12668.567474355015,4947.79673444555,4752.624860507757,5145.553894417593,4361.474535212965,6343.532339156609,6462.87091050641,4638.581292085628,4396.599019178334,4648.4014420575695,7778.657429761356,7173.465425174704,11650.978803819255,4822.456566636829,4396.679186162337,4586.64240423441,6210.2585191570015,4390.296517751492,10867.987844346582,11498.959898065337,4781.498206081908,16375.232619479528,5140.675371921124,4451.765119828524,4208.7105417837,4583.051158824954,16380.728747474992,6270.101119817618,4912.048681402965,4560.550388274352,10230.44211304004,4869.0250798721045
4090.2714333443705,12635.216876547553,5970.105101216497,5233.292874371875,4419.769089226525,10433.999661615388,4307.668605545339,5173.862049281154,4435.334449471276,10733.981672440543,4638.322633278411,4254.795495383017,4737.46526017794,4595.227215307193,9047.998803362696,10257.547094307974,4896.626620938176,4590.654848280397,4375.776794711667,12668.567474355015,4947.79673444555,4752.624860507757,5145.553894417593,4361.474535212965,6343.532339156609,6462.87091050641,4638.581292085628,4396.599019178334,4648.4014420575695,7778.657429761356,7173.465425174704,11650.978803819255,4771.38748521977,4396.679186162337,4586.64240423441,6210.2585191570015,4390.296517751492,10867.987844346582,11135.508795632057,4781.498206081908,16375.232619479528,5110.254918231956,4451.765119828524,4208.7105417837,4583.051158824954,16380.728747474992,6270.101119817618,4912.048681402965,4560.550388274352,10230.44211304004,4869.0250798721045
4090.2714333443705,11970.399020467601,5970.105101216497,5233.292874371875,4419.769089226525,10433.999661615388,4307.668605545339,5173.862049281154,4435.334449471276,10733.981672440543,4638.322633278411,4254.795495383017,4737.46526017794,4595.227215307193,9047.998803362696,10257.547094307974,4896.626620938176,4588.85045616678,4375.776794711667,12668.567474355015,4947.79673444555,4752.624860507757,5139.0444853729605,4361.474535212965,6343.532339156609,6462.87091050641,4638.581292085628,4396.599019178334,4648.4014420575695,7778.657429761356,7173.465425174704,11650.978803819255,4771.38748521977,4396.679186162337,4586.64240423441,6210.2585191570015,4390.296517751492,10867.987844346582,10916.995919298077,4781.498206081908,16375.232619479528,5110.254918231956,4451.765119828524,4056.593571148119,4549.1456601528125,16380.728747474992,6270.101119817618,4912.048681402965,4560.550388274352,10230.44211304004,4753.022593090221
4090.2714333443705,11970.399020467601,5970.105101216497,5233.292874371875,4419.769089226525,10433.999661615388,4307.668605545339,5173.862049281154,4435.334449471276,10733.981672440543,4638.322633278411,4254.795495383017,4737.46526017794,4595.227215307193,9047.998803362696,10257.547094307974,4896.626620938176,4588.85045616678,4375.776794711667,12668.567474355015,4947.79673444555,4752.624860507757,5139.0444853729605,4361.474535212965,6343.532339156609,6462.87091050641,4638.581292085628,4396.599019178334,4648.4014420575695,7778.657429761356,7173.465425174704,11650.978803819255,4771.38748521977,4396.679186162337,4586.64240423441,6210.2585191570015,4390.296517751492,10867.987844346582,10916.995919298077,4781.498206081908,16375.232619479528,5110.254918231956,4451.765119828524,4056.593571148119,4549.1456601528125,16380.728747474992,6270.101119817618,4912.048681402965,4560.550388274352,10230.44211304004,4753.022593090221
4090.2714333443705,11970.399020467601,5970.105101216497,5130.556815462229,4419.769089226525,10433.999661615388,4307.668605545339,5173.862049281154,4435.334449471276,10189.037246175001,4638.322633278411,4254.795495383017,4737.46526017794,4595.227215307193,9047.998803362696,10003.492989351875,4896.626620938176,4588.85045616678,4375.776794711667,12668.567474355015,4947.79673444555,4752.624860507757,5139.0444853729605,4361.474535212965,6343.532339156609,6462.87091050641,4638.581292085628,4396.599019178334,4648.4014420575695,7778.657429761356,7173.465425174704,11650.978803819255,4771.38748521977,4396.679186162337,4586.64240423441,6210.2585191570015,4390.296517751492,10867.987844346582,10916.995919298077,4781.498206081908,16375.232619479528,5110.254918231956,4451.765119828524,4056.593571148119,4549.1456601528125,16380.728747474992,6270.101119817618,4912.048681402965,4560.550388274352,10230.44211304004,4753.022593090221
4090.2714333443705,10423.602672505089,5970.105101216497,5130.556815462229,4419.769089226525,10433.999661615388,4307.668605545339,4796.814964972705,4435.334449471276,10189.037246175001,4638.322633278411,4254.795495383017,4737.46526017794,4595.227215307193,9047.998803362696,10003.492989351875,4896.626620938176,4588.85045616678,4375.776794711667,12668.567474355015,4947.79673444555,4752.624860507757,5139.0444853729605,4361.474535212965,6343.532339156609,6462.87091050641,4638.581292085628,4396.599019178334,4648.4014420575695,7778.657429761356,7173.465425174704,11650.978803819255,4771.38748521977,4396.679186162337,4586.64240423441,6210.2585191570015,4390.296517751492,10867.987844346582,10916.995919298077,4781.498206081908,16375.232619479528,5097.05416351808,4451.765119828524,4056.593571148119,4549.1456601528125,16380.728747474992,6270.101119817618,4912.048681402965,4560.550388274352,10230.44211304004,4745.181872462349
4090.2714333443705,10423.602672505089,5970.105101216497,5130.556815462229,4419.769089226525,10433.999661615388,4307.668605545339,4294.428176456538,4435.334449471276,9846.14015724944,4638.322633278411,4254.795495383017,4737.46526017794,4595.227215307193,9047.998803362696,9781.630532830171,4896.626620938176,4588.85045616678,4375.776794711667,12668.567474355015,4947.79673444555,4752.624860507757,5126.572244501607,4361.474535212965,6343.532339156609,6462.87091050641,4638.581292085628,4396.599019178334,4648.4014420575695,7778.657429761356,7173.465425174704,11650.978803819255,4771.38748521977,4396.679186162337,4586.64240423441,6210.2585191570015,4390.296517751492,10867.987844346582,10678.18908334929,4781.498206081908,16375.232619479528,5097.05416351808,4451.765119828524,4056.593571148119,4549.1456601528125,16380.728747474992,6230.72361840212,4912.048681402965,4560.550388274352,10230.44211304004,4745.181872462349
4090.2714333443705,10423.602672505089,5970.105101216497,5130.556815462229,4419.769089226525,10433.999661615388,4307.668605545339,4294.428176456538,4435.334449471276,9846.14015724944,4638.322633278411,4254.795495383017,4719.849889421748,4595.227215307193,9047.998803362696,8907.237718001368,4896.626620938176,4588.85045616678,4375.776794711667,12668.567474355015,4926.421822353493,4752.624860507757,5126.572244501607,4361.474535212965,6343.532339156609,6462.87091050641,4524.514925809816,4396.599019178334,4648.4014420575695,7778.657429761356,7170.007258816323,11650.978803819255,4771.38748521977,4396.679186162337,4534.18025244269,6210.2585191570015,4390.296517751492,10867.987844346582,10678.18908334929,4781.498206081908,16375.232619479528,4990.70759394308,4451.765119828524,4056.593571148119,4549.1456601528125,16380.728747474992,6230.72361840212,4912.048681402965,4560.550388274352,10230.44211304004,4745.181872462349
4090.2714333443705,10423.602672505089,5970.105101216497,5130.556815462229,4419.769089226525,10433.999661615388,4307.668605545339,4294.428176456538,4435.334449471276,9846.14015724944,4638.322633278411,4254.795495383017,4719.849889421748,4595.227215307193,9047.998803362696,8907.237718001368,4896.626620938176,4588.85045616678,4375.776794711667,12668.567474355015,4926.421822353493,4752.624860507757,5126.572244501607,4361.474535212965,6343.532339156609,6462.87091050641,4524.514925809816,4396.599019178334,4648.4014420575695,7778.657429761356,7170.007258816323,11650.978803819255,4771.38748521977,4396.679186162337,4534.18025244269,5812.851190273477,4390.296517751492,10867.987844346582,10678.18908334929,4781.498206081908,16375.232619479528,4990.70759394308,4451.765119828524,4039.951818078118,4549.1456601528125,16380.728747474992,6230.72361840212,4912.048681402965,4560.550388274352,6388.827604524754,4745.181872462349
4090.2714333443705,10423.602672505089,5970.105101216497,5130.556815462229,4419.769089226525,10433.999661615388,4307.668605545339,4294.428176456538,4435.334449471276,9846.14015724944,4638.322633278411,4254.795495383017,4479.418037538433,4547.625538763437,9047.998803362696,8232.67852049138,4896.626620938176,4588.85045616678,4375.776794711667,12668.567474355015,4926.421822353493,4752.624860507757,5126.572244501607,4361.474535212965,6343.532339156609,5113.670357437729,4524.514925809816,4396.599019178334,4648.4014420575695,7778.657429761356,7170.007258816323,11650.978803819255,4771.38748521977,4396.679186162337,4534.18025244269,5812.851190273477,4390.296517751492,10867.987844346582,10408.472232595654,4781.498206081908,16375.232619479528,4990.70759394308,4451.765119828524,4039.951818078118,4549.1456601528125,16380.728747474992,6230.72361840212,4912.048681402965,4560.550388274352,6388.827604524754,4745.181872462349
4090.2714333443705,10423.602672505089,5970.105101216497,5130.556815462229,4419.769089226525,8659.447588406783,4307.668605545339,4294.428176456538,4435.334449471276,9846.14015724944,4638.322633278411,4254.795495383017,4479.418037538433,4547.625538763437,9047.998803362696,8232.67852049138,4896.626620938176,4588.85045616678,4375.776794711667,12668.567474355015,4926.421822353493,4752.624860507757,5126.572244501607,4361.474535212965,6343.532339156609,5113.670357437729,4524.514925809816,4396.599019178334,4648.4014420575695,7778.657429761356,7170.007258816323,11650.978803819255,4771.38748521977,4396.679186162337,4534.18025244269,5812.851190273477,4390.296517751492,10867.987844346582,10408.472232595654,4781.498206081908,16375.232619479528,4990.70759394308,4451.765119828524,4039.951818078118,4549.1456601528125,16380.728747474992,4766.170516976022,4912.048681402965,4560.550388274352,6388.827604524754,4745.181872462349
4090.2714333443705,10423.602672505089,5970.105101216497,5130.556815462229,4419.769089226525,8659.447588406783,4307.668605545339,4294.428176456538,4435.334449471276,9846.14015724944,4638.322633278411,4254.795495383017,4479.418037538433,4547.625538763437,9047.998803362696,8232.67852049138,4896.626620938176,4588.85045616678,4375.776794711667,12668.567474355015,4926.421822353493,4752.624860507757,5126.572244501607,4361.474535212965,6343.532339156609,5113.670357437729,4524.514925809816,4396.599019178334,4648.4014420575695,7778.657429761356,7170.007258816323,11650.978803819255,4771.38748521977,4396.679186162337,4534.18025244269,5812.851190273477,4390.296517751492,10789.047358896023,10408.472232595654,4781.498206081908,16375.232619479528,4990.70759394308,4451.765119828524,4039.951818078118,4549.1456601528125,16380.728747474992,4766.170516976022,4912.048681402965,4560.550388274352,6388.827604524754,4745.181872462349
4090.2714333443705,10423.602672505089,5970.105101216497,5130.556815462229,4419.769089226525,8659.447588406783,4307.668605545339,4294.428176456538,4435.334449471276,9846.14015724944,4638.322633278411,4254.795495383017,4479.418037538433,4547.625538763437,5651.334108499931,8194.280858736103,4896.626620938176,4512.7088474389875,4375.776794711667,12668.567474355015,4926.421822353493,4752.624860507757,5126.572244501607,4361.474535212965,6343.532339156609,5113.670357437729,4524.514925809816,4396.599019178334,4648.4014420575695,7296.954627548625,7170.007258816323,11650.978803819255,4771.38748521977,4396.679186162337,4534.18025244269,5812.851190273477,4390.296517751492,10789.047358896023,10408.472232595654,4781.498206081908,16375.232619479528,4990.70759394308,4451.765119828524,4015.343972845898,4549.1456601528125,16380.728747474992,4766.170516976022,4912.048681402965,4490.943918007746,6388.827604524754,4745.181872462349
4090.2714333443705,10423.602672505089,5970.105101216497,5130.556815462229,4419.769089226525,8659.447588406783,4307.668605545339,4294.428176456538,4435.334449471276,9846.14015724944,4638.322633278411,4254.795495383017,4479.418037538433,4547.625538763437,5651.334108499931,8194.280858736103,4896.626620938176,4512.7088474389875,4375.776794711667,12668.567474355015,4926.421822353493,4752.624860507757,5126.572244501607,4361.474535212965,6343.532339156609,5113.670357437729,4524.514925809816,4396.599019178334,4648.4014420575695,7130.23166204184,7170.007258816323,11650.978803819255,4771.38748521977,4396.679186162337,4532.734353591414,5812.851190273477,4390.296517751492,10789.047358896023,10163.789237653478,4781.498206081908,16375.232619479528,4978.284228347524,4451.765119828524,4015.343972845898,4549.1456601528125,16380.728747474992,4766.170516976022,4912.048681402965,4490.943918007746,6388.827604524754,4745.181872462349
4090.2714333443705,10423.602672505089,5970.105101216497,5130.556815462229,4419.769089226525,8659.447588406783,4307.668605545339,4294.428176456538,4431.703816414718,9846.14015724944,4638.322633278411,4254.795495383017,4479.418037538433,4547.625538763437,5651.334108499931,8194.280858736103,4896.626620938176,4512.7088474389875,4375.776794711667,12668.567474355015,4926.421822353493,4752.624860507757,5126.572244501607,4361.474535212965,6343.532339156609,5113.670357437729,4524.514925809816,4396.599019178334,4648.4014420575695,7130.23166204184,7170.007258816323,11650.978803819255,4581.9758835369485,4396.679186162337,4532.734353591414,5812.851190273477,4390.296517751492,10789.047358896023,10163.789237653478,4781.498206081908,16375.232619479528,4978.284228347524,4451.765119828524,4015.343972845898,4549.1456601528125,16380.728747474992,4766.170516976022,4912.048681402965,4490.943918007746,6388.827604524754,4745.181872462349
4090.2714333443705,10423.602672505089,5970.105101216497,5130.556815462229,4419.769089226525,8659.447588406783,4307.668605545339,4294.428176456538,4431.703816414718,9846.14015724944,4638.322633278411,4254.795495383017,4479.418037538433,4547.625538763437,5651.334108499931,8194.280858736103,4896.626620938176,4512.7088474389875,4375.776794711667,12668.567474355015,4821.437294717196,4752.624860507757,5126.572244501607,4361.474535212965,6343.532339156609,5113.670357437729,4524.514925809816,4396.599019178334,4468.150402147093,5746.226448618651,7170.007258816323,11650.978803819255,4581.9758835369485,4396.679186162337,4532.734353591414,5812.851190273477,4390.296517751492,10789.047358896023,10163.789237653478,4781.498206081908,16375.232619479528,4978.284228347524,4451.765119828524,4015.343972845898,4549.1456601528125,16380.728747474992,4766.170516976022,4912.048681402965,4490.943918007746,6388.827604524754,4501.023891247434
4090.2714333443705,10423.602672505089,5970.105101216497,5130.556815462229,4419.769089226525,8451.677820453813,4307.668605545339,4294.428176456538,4431.703816414718,9846.14015724944,4581.334841833709,4254.795495383017,4479.418037538433,4547.625538763437,5651.334108499931,8194.280858736103,4896.626620938176,4512.7088474389875,4375.776794711667,12668.567474355015,4821.437294717196,4752.624860507757,5126.572244501607,4361.474535212965,6343.532339156609,5113.670357437729,4524.514925809816,4396.599019178334,4468.150402147093,5746.226448618651,7170.007258816323,11650.978803819255,4581.9758835369485,4396.679186162337,4532.734353591414,5812.851190273477,4390.296517751492,10789.047358896023,10163.789237653478,4781.498206081908,16375.232619479528,4978.284228347524,4451.765119828524,4015.343972845898,4549.1456601528125,16380.728747474992,4766.170516976022,4912.048681402965,4490.943918007746,6388.827604524754,4501.023891247434
4090.2714333443705,10423.602672505089,5970.105101216497,5130.556815462229,4419.769089226525,8451.677820453813,4307.668605545339,4294.428176456538,4431.703816414718,9846.14015724944,4581.334841833709,4254.795495383017,4479.418037538433,4547.625538763437,5651.334108499931,8194.280858736103,4896.626620938176,4512.7088474389875,4375.776794711667,12668.567474355015,4821.437294717196,4752.624860507757,5126.572244501607,4361.474535212965,6343.532339156609,5113.670357437729,4524.514925809816,4396.599019178334,4468.150402147093,5746.226448618651,7170.007258816323,11650.978803819255,4581.9758835369485,4396.679186162337,4531.06474115735,5812.851190273477,4390.296517751492,10789.047358896023,10163.789237653478,4781.498206081908,16375.232619479528,4978.284228347524,4451.765119828524,4015.343972845898,4549.1456601528125,16380.728747474992,4766.170516976022,4777.907625792503,4490.943918007746,6388.827604524754,4501.023891247434
4090.2714333443705,9440.328983556607,5970.105101216497,5130.556815462229,4419.769089226525,8451.677820453813,4307.668605545339,4294.428176456538,4431.703816414718,9846.14015724944,4581.334841833709,4254.795495383017,4479.418037538433,4547.625538763437,5651.334108499931,7884.247466920811,4896.626620938176,4512.7088474389875,4375.776794711667,12668.567474355015,4821.437294717196,4752.624860507757,5126.572244501607,4361.474535212965,6343.532339156609,5113.670357437729,4524.514925809816,4396.599019178334,4468.150402147093,5008.9702945684985,7170.007258816323,11650.978803819255,4581.9758835369485,4396.679186162337,4531.06474115735,5812.851190273477,4356.289769170269,10789.047358896023,10163.789237653478,4781.498206081908,16375.232619479528,4978.284228347524,4451.765119828524,4015.343972845898,4549.1456601528125,16380.728747474992,4766.170516976022,4777.907625792503,4490.943918007746,6388.827604524754,4453.702400883411
4090.2714333443705,9440.328983556607,5297.100952394624,5130.556815462229,4419.769089226525,8451.677820453813,4307.668605545339,4294.428176456538,4431.703816414718,9846.14015724944,4581.334841833709,4254.795495383017,4479.418037538433,4547.625538763437,5651.334108499931,5807.349549367345,4896.626620938176,4512.7088474389875,4375.776794711667,12668.567474355015,4821.437294717196,4752.624860507757,5126.572244501607,4361.474535212965,6343.532339156609,5113.670357437729,4524.514925809816,4396.599019178334,4468.150402147093,5008.9702945684985,7170.007258816323,11650.978803819255,4581.9758835369485,4396.679186162337,4531.06474115735,5812.851190273477,4356.289769170269,10789.047358896023,10163.789237653478,4781.498206081908,16375.232619479528,4978.284228347524,4451.765119828524,4015.343972845898,4549.1456601528125,11148.81575349643,4766.170516976022,4777.907625792503,4490.943918007746,6388.827604524754,4453.702400883411
4090.2714333443705,9029.415860935811,5297.100952394624,5130.556815462229,4419.769089226525,8451.677820453813,4307.668605545339,4294.428176456538,4431.703816414718,9846.14015724944,4581.334841833709,4254.795495383017,4479.418037538433,4547.625538763437,5651.334108499931,5807.349549367345,4896.626620938176,4512.7088474389875,4375.776794711667,12668.567474355015,4821.437294717196,4625.301217172802,5126.572244501607,4361.474535212965,6343.532339156609,5113.670357437729,4524.514925809816,4396.599019178334,4468.150402147093,5008.9702945684985,7170.007258816323,11650.978803819255,4581.9758835369485,4396.679186162337,4516.50353684147,5709.356497314826,4356.289769170269,10789.047358896023,10163.789237653478,4781.498206081908,16375.232619479528,4978.284228347524,4451.765119828524,4015.343972845898,4549.1456601528125,11148.81575349643,4766.170516976022,4777.907625792503,4409.616125029917,6388.827604524754,4453.702400883411
4090.2714333443705,9029.415860935811,5297.100952394624,5130.556815462229,4419.769089226525,8451.677820453813,4307.668605545339,4294.428176456538,4431.703816414718,9846.14015724944,4581.334841833709,4254.795495383017,4479.418037538433,4547.625538763437,5651.334108499931,5071.264555538144,4896.626620938176,4512.7088474389875,4375.776794711667,12668.567474355015,4821.437294717196,4625.301217172802,5126.572244501607,4361.474535212965,6343.532339156609,5113.670357437729,4524.514925809816,4396.599019178334,4468.150402147093,5008.9702945684985,7170.007258816323,11650.978803819255,4503.187800842903,4396.679186162337,4516.50353684147,5709.356497314826,4356.289769170269,10789.047358896023,10163.789237653478,4781.498206081908,16375.232619479528,4978.284228347524,4451.765119828524,4015.343972845898,4549.1456601528125,11148.81575349643,4766.170516976022,4777.907625792503,4409.616125029917,6388.827604524754,4366.422287251702
4090.2714333443705,9029.415860935811,5297.100952394624,5130.556815462229,4419.769089226525,8451.677820453813,4307.668605545339,4294.428176456538,4370.9101055009705,9846.14015724944,4581.334841833709,4254.795495383017,4479.418037538433,4547.625538763437,5651.334108499931,5071.264555538144,4896.626620938176,4512.7088474389875,4375.776794711667,12668.567474355015,4821.437294717196,4625.301217172802,5126.572244501607,4361.474535212965,6343.532339156609,5113.670357437729,4524.514925809816,4396.599019178334,4468.150402147093,5008.9702945684985,7170.007258816323,11650.978803819255,4503.187800842903,4396.679186162337,4506.781255689479,5709.356497314826,4356.289769170269,10789.047358896023,10163.789237653478,4781.498206081908,16375.232619479528,4978.284228347524,4451.765119828524,4015.343972845898,4549.1456601528125,11148.81575349643,4766.170516976022,4777.907625792503,4409.616125029917,6388.827604524754,4366.422287251702
4090.2714333443705,7000.513006288658,5297.100952394624,5130.556815462229,4419.769089226525,8399.803896498535,4307.668605545339,4294.428176456538,4370.9101055009705,9846.14015724944,4514.130087759839,4254.795495383017,4479.418037538433,4547.625538763437,5651.334108499931,5071.264555538144,4896.626620938176,4512.7088474389875,4375.776794711667,12668.567474355015,4821.437294717196,4625.301217172802,5126.572244501607,4361.474535212965,6343.532339156609,5113.670357437729,4524.514925809816,4396.599019178334,4468.150402147093,5008.9702945684985,7170.007258816323,11650.978803819255,4503.187800842903,4396.679186162337,4506.781255689479,5709.356497314826,4356.289769170269,10789.047358896023,10163.789237653478,4781.498206081908,16375.232619479528,4978.284228347524,4451.765119828524,4015.343972845898,4468.592643396651,11148.81575349643,4766.170516976022,4777.907625792503,4409.616125029917,6388.827604524754,4366.422287251702
4090.2714333443705,6582.699526414725,5297.100952394624,5130.556815462229,4419.769089226525,8399.803896498535,4307.668605545339,4294.428176456538,4370.9101055009705,9846.14015724944,4514.130087759839,4254.795495383017,4479.418037538433,4547.625538763437,5651.334108499931,5071.264555538144,4896.626620938176,4512.7088474389875,4375.776794711667,12668.567474355015,4821.437294717196,4625.301217172802,5126.572244501607,4361.474535212965,6343.532339156609,5113.670357437729,4524.514925809816,4396.599019178334,4468.150402147093,5008.9702945684985,7170.007258816323,11650.978803819255,4503.187800842903,4396.679186162337,4506.781255689479,5709.356497314826,4356.289769170269,10789.047358896023,10163.789237653478,4722.106716385464,16375.232619479528,4978.284228347524,4451.765119828524,4015.343972845898,4468.592643396651,11148.81575349643,4766.170516976022,4777.907625792503,4409.616125029917,6388.827604524754,4366.422287251702
4090.2714333443705,6582.699526414725,5297.100952394624,5130.556815462229,4419.769089226525,8399.803896498535,4307.668605545339,4294.428176456538,4370.9101055009705,9846.14015724944,4514.130087759839,4254.795495383017,4479.418037538433,4547.625538763437,5651.334108499931,5071.264555538144,4896.626620938176,4512.7088474389875,4375.776794711667,12668.567474355015,4821.437294717196,4625.301217172802,5126.572244501607,4361.474535212965,6343.532339156609,5113.670357437729,4524.514925809816,4396.599019178334,4468.150402147093,5008.9702945684985,7170.007258816323,11650.978803819255,4503.187800842903,4396.679186162337,4506.781255689479,5709.356497314826,4356.289769170269,10789.047358896023,10163.789237653478,4722.106716385464,16375.232619479528,4978.284228347524,4451.765119828524,4015.343972845898,4468.592643396651,11148.81575349643,4766.170516976022,4777.907625792503,4409.616125029917,6388.827604524754,4366.422287251702
